000000000
120000000
121200000
121212000
121212210
121212012
121210200
121211220
121211202
121210212
121210020
121211022
121210002
121221000
121221102
121221210
121221012
121201200
121201212
121201020
121201122
121201002
121220100
121220112
121202100
121202112
121202121
121200120
121200102
121220010
121220211
121202010
121202211
121200210
121200012
121220001
121202001
121200201
121200021
121020000
121122000
121122210
121122012
121122201
121120200
121121202
121120212
121120002
121021200
121021212
121021002
121022100
121022112
121020102
121022010
121022211
121020210
121020012
121022001
121020201
121002000
121102200
121112220
121112202
121102212
121102221
121102020
121112022
121102002
121012200
121012212
121012020
121012002
121002120
121002102
121002210
121002012
121002201
121002021
121000200
121100220
121100202
121010220
121010202
121001220
121001202
121000212
121000221
121000020
121100022
121010022
121001022
121000122
121000002
122100000
122112000
122112210
122110200
122110212
122110020
122110002
122121000
122121012
122101200
122101212
122101221
122101020
122101002
122120010
122122011
122102010
122102211
122100210
122100012
122120001
122102001
122100201
122100021
120120000
120121200
120121212
120121002
120122010
120122211
120120210
120120012
120122001
120120201
120102000
120112200
120112212
120112020
120112002
120102210
120102012
120102201
120102021
120100200
120110220
120110202
120101220
120101202
120100212
120100221
120100020
120110022
120101022
120100002
122010000
122211000
122211120
122211102
122211210
122211012
122011200
122011212
122011020
122011122
122011002
122210100
122212110
122210112
122012100
122010120
122010102
122210010
122012010
122010210
122010012
120210000
120211200
120211212
120211020
120211122
120211002
120212100
120212112
120210120
120210102
120212010
120210210
120210012
120012000
120012120
120012102
120012210
120012012
120010200
120011220
120011202
120010212
120010020
120011022
120010122
120010002
122001000
122201100
122221110
122201112
122221101
122201121
122021100
122021112
122001120
122001102
122201010
122221011
122201211
122021010
122001210
122001012
122201001
122021001
122001201
122001021
120201000
120221100
120221112
120201120
120201102
120221010
120221211
120201210
120201012
120221001
120201201
120201021
120021000
120021102
120021210
120021012
120021201
120001200
120001212
120001221
120001020
120001122
120001002
122000100
122200110
122020110
122002110
122000112
122200101
122020101
122002101
122000121
120200100
120220110
120202110
120200112
120220101
120202101
120200121
120020100
120022110
120020112
120022101
120002100
120002112
120002121
120000120
120000102
122000010
122200011
122020011
122002011
122000211
120200010
120220011
120202011
120200211
120020010
120022011
120020211
120002010
120002211
120000210
120000012
122000001
120200001
120020001
120002001
120000201
120000021
102000000
112200000
112212000
112212120
112210200
112211220
112211202
112210020
112211022
112210122
112210002
112221000
112221120
112221102
112221012
112221021
112201200
112201212
112201221
112201020
112201122
112201002
112220100
112220112
112220121
112202100
112202121
112200120
112200102
112220010
112202010
112202211
112200210
112200012
112220001
112202001
112200201
112200021
112020000
112122000
112122021
112120020
112121022
112120002
112021020
112021122
112021002
112022100
112022121
112020120
112020102
112022010
112020012
112022001
112020021
112002000
112102200
112112220
112102221
112102020
112012200
112012020
112002120
112002210
112002201
112002021
112000200
112100220
112100202
112010220
112010202
112001220
112001202
112000212
112000221
112000020
112100022
112010022
112001022
112000122
112000002
102120000
102121020
102121002
102122010
102120012
102122001
102120021
102102000
102112200
102112020
102102210
102102201
102102021
102100200
102110220
102110202
102101220
102101202
102100212
102100221
102100020
102110022
102101022
102100002
102210000
102211200
102211212
102211020
102211122
102211002
102212100
102210120
102210102
102212010
102210210
102210012
102012000
102012120
102012210
102010200
102011220
102011202
102010212
102010020
102011022
102010122
102010002
102201000
102221100
102221112
102221121
102201120
102201102
102221010
102201210
102201012
102221001
102201201
102201021
102021000
102021120
102021102
102021012
102021021
102001200
102001212
102001221
102001020
102001122
102001002
102200100
102220110
102202110
102200112
102220101
102202101
102200121
102020100
102022110
102020112
102022101
102020121
102002100
102002121
102000120
102000102
102200010
102220011
102202011
102200211
102020010
102022011
102002010
102002211
102000210
102000012
102200001
102020001
102002001
102000201
102000021
100200000
110220000
110221200
110221212
110221221
110221020
110221122
110221002
110220120
110220102
110220210
110220012
110220201
110220021
110202000
110212200
110212020
110212122
110212002
110202120
110202102
110202210
110202012
110202201
110202021
110200200
110210220
110210202
110201220
110201202
110200212
110200221
110200020
110210022
110201022
110200122
110200002
101220000
101221200
101221212
101221020
101221122
101221002
101220120
101220102
101220210
101220012
101220201
101220021
101202000
101212200
101212212
101212020
101212002
101202120
101202102
101202210
101202012
101202201
101202021
101200200
101210220
101210202
101201220
101201202
101200212
101200221
101200020
101210022
101201022
101200122
101200002
100212000
100212120
100212102
100212210
100212012
100210200
100211220
100211202
100210212
100210020
100211022
100210122
100210002
100221000
100221120
100221102
100221210
100221012
100221201
100221021
100201200
100201212
100201221
100201020
100201122
100201002
100220100
100220112
100220121
100202100
100202112
100202121
100200120
100200102
100220010
100220211
100202010
100202211
100200210
100200012
100220001
100202001
100200201
100200021
100020000
110022000
110122200
110122212
110122221
110122020
110122002
110022120
110022102
110022210
110022012
110022201
110022021
110020200
110120220
110120202
110021220
110021202
110020212
110020221
110020020
110120022
110021022
110020122
110020002
101022000
101122200
101122212
101122221
101122020
101122002
101022120
101022102
101022210
101022012
101022201
101022021
101020200
101120220
101120202
101021220
101021202
101020212
101020221
101020020
101120022
101021022
101020122
101020002
100122000
100122210
100122012
100122201
100122021
100120200
100121220
100121202
100120212
100120221
100120020
100121022
100120002
100021200
100021212
100021221
100021020
100021122
100021002
100022100
100022112
100022121
100020120
100020102
100022010
100022211
100020210
100020012
100022001
100020201
100020021
100002000
110002200
110102220
110102202
110012220
110012202
110002212
110002221
110002020
110102022
110012022
110002122
110002002
101002200
101102220
101102202
101012220
101012202
101002212
101002221
101002020
101102022
101012022
101002122
101002002
100102200
100112220
100112202
100102212
100102221
100102020
100112022
100102002
100012200
100012212
100012020
100012122
100012002
100002120
100002102
100002210
100002012
100002201
100002021
100000200
110000220
110000202
101000220
101000202
100100220
100100202
100010220
100010202
100001220
100001202
100000212
100000221
100000020
110000022
101000022
100100022
100010022
100001022
100000122
100000002
210000000
211200000
211212000
211212021
211210020
211211022
211210002
211221000
211221120
211201020
211201122
211201002
211220100
211220121
211202100
211202112
211202121
211200120
211200102
211220010
211202010
211200012
211220001
211202001
211200021
211020000
211122000
211122120
211122210
211122201
211122021
211120200
211121220
211120221
211120020
211021200
211021020
211022100
211022121
211020120
211022010
211022211
211020210
211022001
211020201
211020021
211002000
211102200
211112220
211112202
211102212
211102221
211102020
211112022
211102122
211102002
211012200
211012221
211012020
211012002
211002120
211002102
211002210
211002012
211002201
211002021
211000200
211100220
211100202
211010220
211010202
211001220
211001202
211000212
211000221
211000020
211100022
211010022
211001022
211000122
211000002
212100000
212112000
212112120
212112201
212112021
212110200
212110221
212110020
212110122
212110002
212121000
212121120
212121021
212101200
212101212
212101221
212101020
212101122
212101002
212120100
212122110
212122101
212120121
212102100
212102121
212100120
212100102
212120010
212122011
212102010
212102211
212100210
212100012
212120001
212102001
212100201
212100021
210120000
210121200
210121221
210121020
210122100
210122121
210120120
210122010
210122211
210120210
210122001
210120201
210120021
210102000
210112200
210112221
210112020
210112122
210112002
210102120
210102102
210102210
210102012
210102201
210102021
210100200
210110220
210110202
210101220
210101202
210100212
210100221
210100020
210110022
210101022
210100122
210100002
212010000
212211000
212211120
212211102
212211021
212011200
212011221
212011020
212011122
212011002
212210100
212212101
212210121
212012100
212012121
212010120
212010102
212210001
212012001
212010201
212010021
210210000
210211020
210211122
210211002
210212100
210212121
210210120
210210102
210212001
210210021
210012000
210012120
210012102
210012201
210012021
210010200
210011220
210011202
210010221
210010020
210011022
210010122
210010002
212001000
212201100
212221110
212201112
212221101
212201121
212021100
212021121
212001120
212001102
212201010
212221011
212021010
212001210
212001012
212201001
212021001
212001201
212001021
210201000
210221100
210221121
210201120
210201102
210221010
210201012
210221001
210201021
210021000
210021120
210021210
210021201
210021021
210001200
210001212
210001221
210001020
210001122
210001002
212000100
212200110
212020110
212002110
212000112
212200101
212020101
212002101
212000121
210200100
210220110
210202110
210200112
210220101
210202101
210200121
210020100
210022110
210022101
210020121
210002100
210002112
210002121
210000120
210000102
212000010
212200011
212020011
212002011
212000211
210200010
210220011
210202011
210020010
210022011
210020211
210002010
210002211
210000210
210000012
212000001
210200001
210020001
210002001
210000201
210000021
012000000
012120000
012121020
012121122
012121002
012122100
012122121
012120120
012120102
012122010
012120012
012122001
012120021
012102000
012112200
012112221
012112020
012102120
012102210
012102201
012102021
012100200
012110220
012110202
012101220
012101202
012100212
012100221
012100020
012110022
012101022
012100122
012100002
012210000
012211200
012211221
012211020
012211122
012211002
012212100
012212121
012210120
012210102
012212001
012210201
012210021
012012000
012012120
012012201
012012021
012010200
012011220
012011202
012010221
012010020
012011022
012010122
012010002
012201000
012221100
012221112
012221121
012201120
012201102
012221010
012201210
012201012
012221001
012201201
012201021
012021000
012021120
012021102
012021012
012021021
012001200
012001212
012001221
012001020
012001122
012001002
012200100
012220110
012202110
012200112
012220101
012202101
012200121
012020100
012022110
012020112
012022101
012020121
012002100
012002121
012000120
012000102
012200010
012220011
012202011
012200211
012020010
012022011
012002010
012002211
012000210
012000012
012200001
012020001
012002001
012000201
012000021
010200000
011220000
011221200
011221212
011221020
011221122
011221002
011220120
011220102
011220210
011220012
011220201
011220021
011202000
011212200
011212221
011212020
011212002
011202120
011202102
011202210
011202012
011202201
011202021
011200200
011210220
011210202
011201220
011201202
011200212
011200221
011200020
011210022
011201022
011200122
011200002
010212000
010212120
010212102
010212201
010212021
010210200
010211220
010211202
010210221
010210020
010211022
010210122
010210002
010221000
010221120
010221102
010221210
010221012
010221201
010221021
010201200
010201212
010201221
010201020
010201122
010201002
010220100
010220112
010220121
010202100
010202112
010202121
010200120
010200102
010220010
010220211
010202010
010202211
010200210
010200012
010220001
010202001
010200201
010200021
010020000
011022000
011122200
011122212
011122221
011122020
011122122
011122002
011022120
011022102
011022210
011022012
011022201
011022021
011020200
011120220
011120202
011021220
011021202
011020212
011020221
011020020
011120022
011021022
011020122
011020002
010122000
010122120
010122102
010122210
010122012
010122201
010122021
010120200
010121220
010121202
010120212
010120221
010120020
010121022
010120122
010120002
010021200
010021212
010021221
010021020
010021122
010021002
010022100
010022112
010022121
010020120
010020102
010022010
010022211
010020210
010020012
010022001
010020201
010020021
010002000
011002200
011102220
011102202
011012220
011012202
011002212
011002221
011002020
011102022
011012022
011002122
011002002
010102200
010112220
010112202
010102212
010102221
010102020
010112022
010102122
010102002
010012200
010012221
010012020
010012122
010012002
010002120
010002102
010002210
010002012
010002201
010002021
010000200
011000220
011000202
010100220
010100202
010010220
010010202
010001220
010001202
010000212
010000221
010000020
011000022
010100022
010010022
010001022
010000122
010000002
201000000
221100000
221112000
221112210
221112012
221112201
221112021
221110200
221110212
221110221
221110020
221110002
221121000
221121210
221101200
221101212
221101020
221101122
221101002
221120100
221122110
221122101
221102100
221102112
221102121
221100120
221100102
221120010
221122011
221120211
221102010
221102211
221100210
221100012
221120001
221102001
221100201
221100021
201120000
201121200
201121020
201122100
201122121
201120120
201122010
201122211
201120210
201122001
201120201
201120021
201102000
201112200
201112212
201112221
201112020
201112002
201102120
201102102
201102210
201102012
201102201
201102021
201100200
201110220
201110202
201101220
201101202
201100212
201100221
201100020
201110022
201101022
201100122
201100002
221010000
221211000
221211012
221011200
221011212
221011020
221011002
221210010
221212011
221012010
221012211
221010210
221010012
221210001
221012001
221010201
221010021
201210000
201211020
201211002
201212010
201210012
201212001
201210021
201012000
201012210
201012012
201012201
201012021
201010200
201011220
201011202
201010212
201010221
201010020
201011022
201010002
221001000
221201100
221221110
221201112
221021100
221001120
221001102
221201010
221021010
221001210
221001012
201201000
201221100
201201120
201201102
201221010
201201012
201021000
201021120
201021210
201001200
201001212
201001020
201001122
201001002
221000100
221200110
221020110
221002110
221000112
221200101
221020101
221002101
221000121
201200100
201220110
201202110
201200112
201220101
201202101
201200121
201020100
201022110
201022101
201020121
201002100
201002112
201002121
201000120
201000102
221000010
221200011
221020011
221002011
221000211
201200010
201220011
201202011
201020010
201022011
201020211
201002010
201002211
201000210
201000012
221000001
201200001
201020001
201002001
201000201
201000021
021000000
021120000
021121200
021121212
021121002
021122100
021122112
021120102
021122010
021122211
021120210
021120012
021122001
021120201
021102000
021112200
021112212
021112221
021112020
021112002
021102120
021102102
021102210
021102012
021102201
021102021
021100200
021110220
021110202
021101220
021101202
021100212
021100221
021100020
021110022
021101022
021100122
021100002
021210000
021211200
021211212
021211020
021211002
021212010
021212211
021210210
021210012
021212001
021210201
021210021
021012000
021012210
021012012
021012201
021012021
021010200
021011220
021011202
021010212
021010221
021010020
021011022
021010002
021201000
021221100
021221112
021201120
021201102
021221010
021201210
021201012
021021000
021021102
021021210
021021012
021001200
021001212
021001020
021001122
021001002
021200100
021220110
021202110
021200112
021220101
021202101
021200121
021020100
021022110
021020112
021022101
021002100
021002112
021002121
021000120
021000102
021200010
021220011
021202011
021200211
021020010
021022011
021020211
021002010
021002211
021000210
021000012
021200001
021020001
021002001
021000201
021000021
001200000
001212000
001212210
001212012
001212201
001212021
001210200
001211220
001211202
001210212
001210221
001210020
001211022
001210002
001221000
001221120
001221102
001221210
001221012
001201200
001201212
001201020
001201122
001201002
001220100
001220112
001220121
001202100
001202112
001202121
001200120
001200102
001220010
001220211
001202010
001202211
001200210
001200012
001220001
001202001
001200201
001200021
001020000
001122000
001122120
001122102
001122210
001122012
001122201
001122021
001120200
001121220
001121202
001120212
001120221
001120020
001121022
001120122
001120002
001021200
001021212
001021020
001021122
001021002
001022100
001022112
001022121
001020120
001020102
001022010
001022211
001020210
001020012
001022001
001020201
001020021
001002000
001102200
001112220
001112202
001102212
001102221
001102020
001112022
001102122
001102002
001012200
001012212
001012221
001012020
001012002
001002120
001002102
001002210
001002012
001002201
001002021
001000200
001100220
001100202
001010220
001010202
001001220
001001202
001000212
001000221
001000020
001100022
001010022
001001022
001000122
001000002
200100000
220110000
220112100
220112112
220112121
220110120
220110102
220112010
220112211
220110210
220110012
220112001
220110201
220110021
202110000
202112100
202112121
202110120
202110102
202112010
202112211
202110210
202110012
202112001
202110201
202110021
200112000
200112120
200112102
200112210
200112012
200112201
200112021
200110200
200110212
200110221
200110020
200110122
200110002
220101000
220121100
220101120
220101102
220121010
220121211
220101210
220101012
220121001
220101201
220101021
202101000
202121100
202121121
202101120
202101102
202121010
202101210
202101012
202121001
202101201
202101021
200121000
200121120
200121210
200121201
200121021
200101200
200101212
200101221
200101020
200101122
200101002
220100100
220120110
220102110
220100112
220120101
220102101
220100121
202100100
202120110
202102110
202100112
202120101
202102101
202100121
200120100
200122110
200122101
200120121
200102100
200102112
200102121
200100120
200100102
220100010
220120011
220102011
220100211
202100010
202120011
202102011
202100211
200120010
200122011
200120211
200102010
200102211
200100210
200100012
220100001
202100001
200120001
200102001
200100201
200100021
020100000
022110000
022112100
022112121
022110120
022110102
022112010
022112211
022110210
022110012
022112001
022110201
022110021
020112000
020112120
020112102
020112210
020112012
020112201
020112021
020110200
020110212
020110221
020110020
020110122
020110002
022101000
022121100
022121112
022101120
022101102
022121010
022101210
022101012
022121001
022101201
022101021
020121000
020121102
020121210
020121012
020121201
020101200
020101212
020101221
020101020
020101122
020101002
022100100
022120110
022102110
022100112
022120101
022102101
022100121
020120100
020122110
020120112
020122101
020102100
020102112
020102121
020100120
020100102
022100010
022120011
022102011
022100211
020120010
020122011
020120211
020102010
020102211
020100210
020100012
022100001
020120001
020102001
020100201
020100021
002100000
002112000
002112120
002112210
002112201
002112021
002110200
002110212
002110221
002110020
002110122
002110002
002121000
002121120
002121102
002121012
002121021
002101200
002101212
002101221
002101020
002101122
002101002
002120100
002122110
002120112
002122101
002120121
002102100
002102121
002100120
002100102
002120010
002122011
002102010
002102211
002100210
002100012
002120001
002102001
002100201
002100021
000120000
000121200
000121212
000121221
000121020
000121122
000121002
000122100
000122112
000122121
000120120
000120102
000122010
000122211
000120210
000120012
000122001
000120201
000120021
000102000
000112200
000112212
000112221
000112020
000112122
000112002
000102120
000102102
000102210
000102012
000102201
000102021
000100200
000110220
000110202
000101220
000101202
000100212
000100221
000100020
000110022
000101022
000100122
000100002
200010000
220011000
220211100
220211112
220211121
220011120
220011102
220211010
220011210
220011012
220211001
220011201
220011021
202011000
202211100
202211112
202211121
202011120
202011102
202211010
202011210
202011012
202211001
202011201
202011021
200211000
200211120
200211102
200211012
200211021
200011200
200011212
200011221
200011020
200011122
200011002
220010100
220210110
220012110
220010112
220210101
220012101
220010121
202010100
202210110
202012110
202010112
202210101
202012101
202010121
200210100
200212110
200210112
200212101
200210121
200012100
200012112
200012121
200010120
200010102
220010010
220210011
220012011
220010211
202010010
202210011
202012011
202010211
200210010
200212011
200012010
200012211
200010210
200010012
220010001
202010001
200210001
200012001
200010201
200010021
020010000
022011000
022211100
022211112
022211121
022011120
022011102
022211010
022211211
022011210
022011012
022211001
022011201
022011021
020211000
020211120
020211102
020211210
020211012
020211201
020211021
020011200
020011212
020011221
020011020
020011122
020011002
022010100
022210110
022012110
022010112
022210101
022012101
022010121
020210100
020212110
020210112
020212101
020210121
020012100
020012112
020012121
020010120
020010102
022010010
022210011
022012011
022010211
020210010
020212011
020210211
020012010
020012211
020010210
020010012
022010001
020210001
020012001
020010201
020010021
002010000
002211000
002211120
002211102
002211210
002211012
002211201
002211021
002011200
002011212
002011221
002011020
002011122
002011002
002210100
002212110
002210112
002212101
002210121
002012100
002012121
002010120
002010102
002210010
002212011
002210211
002012010
002012211
002010210
002010012
002210001
002012001
002010201
002010021
000210000
000211200
000211212
000211221
000211020
000211122
000211002
000212100
000212112
000212121
000210120
000210102
000212010
000212211
000210210
000210012
000212001
000210201
000210021
000012000
000012120
000012102
000012210
000012012
000012201
000012021
000010200
000011220
000011202
000010212
000010221
000010020
000011022
000010122
000010002
200001000
220001100
220201110
220021110
220001112
220201101
220021101
220001121
202001100
202201110
202021110
202001112
202201101
202021101
202001121
200201100
200221110
200201112
200221101
200201121
200021100
200021121
200001120
200001102
220001010
220201011
220021011
220001211
202001010
202201011
202021011
202001211
200201010
200221011
200021010
200021211
200001210
200001012
220001001
202001001
200201001
200021001
200001201
200001021
020001000
022001100
022201110
022021110
022001112
022201101
022021101
022001121
020201100
020221110
020201112
020221101
020201121
020021100
020021112
020001120
020001102
022001010
022201011
022021011
022001211
020201010
020221011
020201211
020021010
020021211
020001210
020001012
022001001
020201001
020021001
020001201
020001021
002001000
002201100
002221110
002201112
002221101
002201121
002021100
002021112
002021121
002001120
002001102
002201010
002221011
002201211
002021010
002001210
002001012
002201001
002021001
002001201
002001021
000201000
000221100
000221112
000221121
000201120
000201102
000221010
000221211
000201210
000201012
000221001
000201201
000201021
000021000
000021120
000021102
000021210
000021012
000021201
000021021
000001200
000001212
000001221
000001020
000001122
000001002
200000100
220000110
202000110
200200110
200020110
200002110
200000112
220000101
202000101
200200101
200020101
200002101
200000121
020000100
022000110
020200110
020020110
020002110
020000112
022000101
020200101
020020101
020002101
020000121
002000100
002200110
002020110
002002110
002000112
002200101
002020101
002002101
002000121
000200100
000220110
000202110
000200112
000220101
000202101
000200121
000020100
000022110
000020112
000022101
000020121
000002100
000002112
000002121
000000120
000000102
200000010
220000011
202000011
200200011
200020011
200002011
200000211
020000010
022000011
020200011
020020011
020002011
020000211
002000010
002200011
002020011
002002011
002000211
000200010
000220011
000202011
000200211
000020010
000022011
000020211
000002010
000002211
000000210
000000012
200000001
020000001
002000001
000200001
000020001
000002001
000000201
000000021
