100000000
121000000
121210000
121212010
121211200
121210210
121211020
121211002
121210012
121201000
121221100
121221010
121201210
121201120
121201102
121201012
121200100
121220110
121220101
121202110
121202101
121200121
121200112
121200010
121220011
121202011
121200211
121200001
121120000
121122010
121122001
121121200
121120210
121120201
121121002
121120012
121021000
121021210
121021102
121021012
121020100
121022110
121022101
121020112
121020010
121022011
121020211
121020001
121102000
121112200
121102210
121102201
121112020
121102021
121112002
121102012
121012000
121012210
121012012
121002100
121002121
121002112
121002010
121002211
121002001
121100200
121110220
121101220
121100221
121110202
121101202
121100212
121010200
121011220
121011202
121010212
121001200
121001212
121000210
121000201
121100020
121110022
121101022
121010020
121011022
121001020
121001122
121000120
121000021
121100002
121010002
121001002
121000102
121000012
120100000
122110000
122112010
122110210
122110012
122101000
122121010
122121001
122101210
122101201
122101021
122101012
122100010
122120011
122102011
122100211
122100001
120121000
120121210
120121201
120121012
120120010
120122011
120120211
120120001
120112000
120112210
120112012
120102010
120102211
120102001
120110200
120110212
120101200
120101221
120101212
120100210
120100201
120110020
120101020
120100021
120110002
120101002
120100012
120010000
122011000
122211100
122211010
122011210
122011120
122011102
122011012
122010100
122210110
122012110
122010112
122010010
120211000
120211210
120211120
120211102
120211012
120210100
120212110
120210112
120210010
120012100
120012112
120012010
120011200
120011212
120010210
120011020
120011122
120010120
120011002
120010102
120010012
120001000
122001100
122201110
122201101
122021110
122021101
122001121
122001112
122001010
122201011
122021011
122001211
122001001
120201100
120221110
120221101
120201121
120201112
120201010
120221011
120201211
120201001
120021100
120021112
120021010
120021211
120021001
120001210
120001201
120001120
120001021
120001102
120001012
120000100
122000110
122000101
120200110
120200101
120020110
120020101
120002110
120002101
120000121
120000112
120000010
122000011
120200011
120020011
120002011
120000211
120000001
112000000
112210000
112212100
112211200
112211020
112210120
112211002
112210102
112201000
112221100
112221010
112221001
112201210
112201201
112201120
112201021
112201102
112201012
112200100
112220110
112220101
112202110
112202101
112200121
112200112
112200010
112220011
112202011
112200211
112200001
112120000
112122010
112122001
112121020
112120021
112121002
112120012
112021000
112021120
112021021
112021102
112021012
112020100
112022110
112022101
112020121
112020112
112020010
112022011
112020001
112102000
112112200
112102210
112102201
112112020
112102021
112012000
112012120
112002100
112002121
112002010
112002211
112002001
112100200
112110220
112101220
112100221
112110202
112101202
112100212
112010200
112011220
112011202
112001200
112001221
112001212
112000210
112000201
112100020
112110022
112101022
112010020
112011022
112010122
112001020
112001122
112000120
112000021
112100002
112010002
112001002
112000102
112000012
102100000
102121000
102121021
102121012
102120010
102122011
102120001
102112000
102112210
102102010
102102211
102102001
102110200
102110212
102101200
102101221
102101212
102100210
102100201
102110020
102101020
102100021
102110002
102101002
102100012
102010000
102211000
102211210
102211120
102211102
102211012
102210100
102212110
102210112
102210010
102012100
102012010
102011200
102011212
102010210
102011020
102011122
102010120
102011002
102010102
102010012
102001000
102201100
102221110
102221101
102201121
102201112
102201010
102221011
102201211
102201001
102021100
102021121
102021112
102021010
102021001
102001210
102001201
102001120
102001021
102001102
102001012
102000100
102200110
102200101
102020110
102020101
102002110
102002101
102000121
102000112
102000010
102200011
102020011
102002011
102000211
102000001
110200000
110221000
110221210
110221201
110221120
110221021
110221102
110221012
110220100
110220121
110220112
110220010
110220211
110220001
110212000
110212120
110212102
110202100
110202121
110202112
110202010
110202211
110202001
110210200
110211220
110211202
110201200
110201221
110201212
110200210
110200201
110210020
110211022
110210122
110201020
110201122
110200120
110200021
110210002
110201002
110200102
110200012
101200000
101221000
101221210
101221120
101221102
101221012
101220100
101220121
101220112
101220010
101220211
101220001
101212000
101212210
101212012
101202100
101202121
101202112
101202010
101202211
101202001
101210200
101211220
101211202
101210212
101201200
101201212
101200210
101200201
101210020
101211022
101201020
101201122
101200120
101200021
101210002
101201002
101200102
101200012
100210000
100212100
100212112
100212010
100211200
100211212
100210210
100211020
100211122
100210120
100211002
100210102
100210012
100201000
100221100
100221121
100221112
100221010
100221211
100221001
100201210
100201201
100201120
100201021
100201102
100201012
100200100
100220110
100220101
100202110
100202101
100200121
100200112
100200010
100220011
100202011
100200211
100200001
110020000
110122000
110122210
110122201
110122021
110122012
110022100
110022121
110022112
110022010
110022211
110022001
110120200
110121220
110120221
110121202
110120212
110021200
110021221
110021212
110020210
110020201
110120020
110121022
110021020
110021122
110020120
110020021
110120002
110021002
110020102
110020012
101020000
101122000
101122210
101122201
101122021
101122012
101022100
101022121
101022112
101022010
101022211
101022001
101120200
101121220
101120221
101121202
101120212
101021200
101021212
101020210
101020201
101120020
101121022
101021020
101021122
101020120
101020021
101120002
101021002
101020102
101020012
100120000
100122010
100122211
100122001
100121200
100121221
100121212
100120210
100120201
100121020
100120021
100121002
100120012
100021000
100021210
100021201
100021120
100021021
100021102
100021012
100020100
100022110
100022101
100020121
100020112
100020010
100022011
100020211
100020001
110002000
110102200
110112220
110102221
110112202
110102212
110012200
110002210
110002201
110102020
110112022
110012020
110012122
110002120
110002021
110102002
110012002
110002102
110002012
101002000
101102200
101112220
101102221
101112202
101102212
101012200
101012212
101002210
101002201
101102020
101112022
101012020
101002120
101002021
101102002
101012002
101002102
101002012
100102000
100112200
100112212
100102210
100102201
100112020
100102021
100112002
100102012
100012000
100012210
100012120
100012102
100012012
100002100
100002121
100002112
100002010
100002211
100002001
110000200
110100220
110010220
110001220
110000221
110100202
110010202
110001202
110000212
101000200
101100220
101010220
101001220
101000221
101100202
101010202
101001202
101000212
100100200
100110220
100101220
100100221
100110202
100101202
100100212
100010200
100011220
100011202
100010212
100001200
100001221
100001212
100000210
100000201
110000020
110100022
110010022
110001022
110000122
101000020
101100022
101010022
101001022
101000122
100100020
100110022
100101022
100010020
100011022
100010122
100001020
100001122
100000120
100000021
110000002
101000002
100100002
100010002
100001002
100000102
100000012
010000000
211000000
211210000
211212001
211211020
211210021
211211002
211201000
211221100
211221010
211201120
211201102
211201012
211200100
211220110
211220101
211202110
211202101
211200121
211200112
211200010
211220011
211202011
211200001
211120000
211122100
211122010
211122001
211121200
211120210
211120201
211121020
211120120
211120021
211021000
211021210
211021120
211020100
211022110
211022101
211020121
211020010
211022011
211020211
211020001
211102000
211112200
211102210
211102201
211112020
211102120
211102021
211112002
211102102
211102012
211012000
211012201
211012021
211002100
211002121
211002112
211002010
211002211
211002001
211100200
211110220
211101220
211100221
211110202
211101202
211100212
211010200
211011220
211010221
211011202
211001200
211001212
211000210
211000201
211100020
211110022
211101022
211100122
211010020
211011022
211001020
211001122
211000120
211000021
211100002
211010002
211001002
211000102
211000012
210100000
212110000
212112100
212112001
212110201
212110120
212110021
212110102
212101000
212121100
212121010
212121001
212101210
212101201
212101120
212101021
212101102
212101012
212100100
212120110
212120101
212102110
212102101
212100121
212100112
212100010
212120011
212102011
212100211
212100001
210121000
210121210
210121201
210121120
210121021
210120100
210122110
210122101
210120121
210120010
210122011
210120211
210120001
210112000
210112201
210112120
210112021
210112102
210102100
210102121
210102112
210102010
210102211
210102001
210110200
210110221
210101200
210101221
210101212
210100210
210100201
210110020
210110122
210101020
210101122
210100120
210100021
210110002
210101002
210100102
210100012
210010000
212011000
212211100
212211001
212011201
212011120
212011021
212011102
212010100
212210101
212012101
212010121
212010001
210211000
210211120
210211021
210211102
210210100
210212101
210210121
210210001
210012100
210012121
210012001
210011200
210011221
210010201
210011020
210011122
210010120
210010021
210011002
210010102
210001000
212001100
212201110
212201101
212021110
212021101
212001121
212001112
212001010
212201011
212021011
212001211
212001001
210201100
210221110
210221101
210201121
210201112
210201010
210221011
210201001
210021100
210021121
210021010
210021211
210021001
210001210
210001201
210001120
210001021
210001102
210001012
210000100
212000110
212000101
210200110
210200101
210020110
210020101
210002110
210002101
210000121
210000112
210000010
212000011
210200011
210020011
210002011
210000211
210000001
012100000
012121000
012121120
012121021
012121102
012121012
012120100
012122110
012122101
012120121
012120112
012120010
012122011
012120001
012112000
012112201
012112120
012112021
012102100
012102121
012102010
012102211
012102001
012110200
012110221
012101200
012101221
012101212
012100210
012100201
012110020
012110122
012101020
012101122
012100120
012100021
012110002
012101002
012100102
012100012
012010000
012211000
012211201
012211120
012211021
012211102
012210100
012212101
012210121
012210001
012012100
012012121
012012001
012011200
012011221
012010201
012011020
012011122
012010120
012010021
012011002
012010102
012001000
012201100
012221110
012221101
012201121
012201112
012201010
012221011
012201211
012201001
012021100
012021121
012021112
012021010
012021001
012001210
012001201
012001120
012001021
012001102
012001012
012000100
012200110
012200101
012020110
012020101
012002110
012002101
012000121
012000112
012000010
012200011
012020011
012002011
012000211
012000001
011200000
011221000
011221210
011221120
011221102
011221012
011220100
011220121
011220112
011220010
011220211
011220001
011212000
011212201
011212021
011202100
011202121
011202112
011202010
011202211
011202001
011210200
011211220
011210221
011211202
011201200
011201212
011200210
011200201
011210020
011211022
011201020
011201122
011200120
011200021
011210002
011201002
011200102
011200012
010210000
010212100
010212121
010212001
010211200
010211221
010210201
010211020
010211122
010210120
010210021
010211002
010210102
010201000
010221100
010221121
010221112
010221010
010221211
010221001
010201210
010201201
010201120
010201021
010201102
010201012
010200100
010220110
010220101
010202110
010202101
010200121
010200112
010200010
010220011
010202011
010200211
010200001
011020000
011122000
011122210
011122201
011122120
011122021
011122102
011122012
011022100
011022121
011022112
011022010
011022211
011022001
011120200
011121220
011120221
011121202
011120212
011021200
011021212
011020210
011020201
011120020
011121022
011120122
011021020
011021122
011020120
011020021
011120002
011021002
011020102
011020012
010120000
010122100
010122121
010122112
010122010
010122211
010122001
010121200
010121221
010121212
010120210
010120201
010121020
010121122
010120120
010120021
010121002
010120102
010120012
010021000
010021210
010021201
010021120
010021021
010021102
010021012
010020100
010022110
010022101
010020121
010020112
010020010
010022011
010020211
010020001
011002000
011102200
011112220
011102221
011112202
011102212
011012200
011012221
011002210
011002201
011102020
011112022
011102122
011012020
011002120
011002021
011102002
011012002
011002102
011002012
010102000
010112200
010112221
010102210
010102201
010112020
010112122
010102120
010102021
010112002
010102102
010102012
010012000
010012201
010012120
010012021
010012102
010002100
010002121
010002112
010002010
010002211
010002001
011000200
011100220
011010220
011001220
011000221
011100202
011010202
011001202
011000212
010100200
010110220
010101220
010100221
010110202
010101202
010100212
010010200
010011220
010010221
010011202
010001200
010001221
010001212
010000210
010000201
011000020
011100022
011010022
011001022
011000122
010100020
010110022
010101022
010100122
010010020
010011022
010010122
010001020
010001122
010000120
010000021
011000002
010100002
010010002
010001002
010000102
010000012
001000000
201100000
221110000
221112010
221112001
221110210
221110201
221110021
221110012
221101000
221121100
221121010
221101210
221101120
221101102
221101012
221100100
221120110
221120101
221102110
221102101
221100121
221100112
221100010
221120011
221102011
221100211
221100001
201121000
201121210
201121120
201120100
201122110
201122101
201120121
201120010
201122011
201120211
201120001
201112000
201112210
201112201
201112021
201112012
201102100
201102121
201102112
201102010
201102211
201102001
201110200
201110221
201110212
201101200
201101212
201100210
201100201
201110020
201101020
201101122
201100120
201100021
201110002
201101002
201100102
201100012
201010000
221011000
221211010
221011210
221011012
221010010
221210011
221012011
221010211
221010001
201211000
201211012
201210010
201212011
201210001
201012010
201012211
201012001
201011200
201011212
201010210
201010201
201011020
201010021
201011002
201010012
201001000
221001100
221201110
221021110
221001112
221001010
201201100
201221110
201201112
201201010
201021100
201021010
201001210
201001120
201001102
201001012
201000100
221000110
221000101
201200110
201200101
201020110
201020101
201002110
201002101
201000121
201000112
201000010
221000011
201200011
201020011
201002011
201000211
201000001
021100000
021121000
021121210
021121102
021121012
021120100
021122110
021122101
021120112
021120010
021122011
021120211
021120001
021112000
021112210
021112201
021112021
021112012
021102100
021102121
021102112
021102010
021102211
021102001
021110200
021110221
021110212
021101200
021101212
021100210
021100201
021110020
021101020
021101122
021100120
021100021
021110002
021101002
021100102
021100012
021010000
021211000
021211210
021211012
021210010
021212011
021210211
021210001
021012010
021012211
021012001
021011200
021011212
021010210
021010201
021011020
021010021
021011002
021010012
021001000
021201100
021221110
021201112
021201010
021021100
021021112
021021010
021001210
021001120
021001102
021001012
021000100
021200110
021200101
021020110
021020101
021002110
021002101
021000121
021000112
021000010
021200011
021020011
021002011
021000211
021000001
001210000
001212010
001212211
001212001
001211200
001211212
001210210
001210201
001211020
001210021
001211002
001210012
001201000
001221100
001221112
001221010
001201210
001201120
001201102
001201012
001200100
001220110
001220101
001202110
001202101
001200121
001200112
001200010
001220011
001202011
001200211
001200001
001120000
001122100
001122121
001122112
001122010
001122211
001122001
001121200
001121212
001120210
001120201
001121020
001121122
001120120
001120021
001121002
001120102
001120012
001021000
001021210
001021120
001021102
001021012
001020100
001022110
001022101
001020121
001020112
001020010
001022011
001020211
001020001
001102000
001112200
001112221
001112212
001102210
001102201
001112020
001102120
001102021
001112002
001102102
001102012
001012000
001012210
001012201
001012021
001012012
001002100
001002121
001002112
001002010
001002211
001002001
001100200
001110220
001101220
001100221
001110202
001101202
001100212
001010200
001011220
001010221
001011202
001010212
001001200
001001212
001000210
001000201
001100020
001110022
001101022
001100122
001010020
001011022
001001020
001001122
001000120
001000021
001100002
001010002
001001002
001000102
001000012
000100000
200110000
220110100
220112110
220112101
220110121
220110112
220110010
220112011
220110211
220110001
202110100
202112110
202112101
202110121
202110112
202110010
202112011
202110211
202110001
200112100
200112121
200112112
200112010
200112211
200112001
200110210
200110201
200110120
200110021
200110102
200110012
200101000
220101100
220121110
220121101
220101121
220101112
220101010
220121011
220101211
220101001
202101100
202121110
202121101
202101121
202101112
202101010
202121011
202101211
202101001
200121100
200121121
200121010
200121211
200121001
200101210
200101201
200101120
200101021
200101102
200101012
200100100
220100110
220100101
202100110
202100101
200120110
200120101
200102110
200102101
200100121
200100112
200100010
220100011
202100011
200120011
200102011
200100211
200100001
020110000
022110100
022112110
022112101
022110121
022110112
022110010
022112011
022110211
022110001
020112100
020112121
020112112
020112010
020112211
020112001
020110210
020110201
020110120
020110021
020110102
020110012
020101000
022101100
022121110
022121101
022101121
022101112
022101010
022121011
022101211
022101001
020121100
020121112
020121010
020121211
020121001
020101210
020101201
020101120
020101021
020101102
020101012
020100100
022100110
022100101
020120110
020120101
020102110
020102101
020100121
020100112
020100010
022100011
020120011
020102011
020100211
020100001
002110000
002112100
002112121
002112010
002112211
002112001
002110210
002110201
002110120
002110021
002110102
002110012
002101000
002121100
002121121
002121112
002121010
002121001
002101210
002101201
002101120
002101021
002101102
002101012
002100100
002120110
002120101
002102110
002102101
002100121
002100112
002100010
002120011
002102011
002100211
002100001
000121000
000121210
000121201
000121120
000121021
000121102
000121012
000120100
000122110
000122101
000120121
000120112
000120010
000122011
000120211
000120001
000112000
000112210
000112201
000112120
000112021
000112102
000112012
000102100
000102121
000102112
000102010
000102211
000102001
000110200
000110221
000110212
000101200
000101221
000101212
000100210
000100201
000110020
000110122
000101020
000101122
000100120
000100021
000110002
000101002
000100102
000100012
000010000
200011000
220011100
220211110
220211101
220011121
220011112
220011010
220211011
220011211
220011001
202011100
202211110
202211101
202011121
202011112
202011010
202211011
202011211
202011001
200211100
200211121
200211112
200211010
200211001
200011210
200011201
200011120
200011021
200011102
200011012
200010100
220010110
220010101
202010110
202010101
200210110
200210101
200012110
200012101
200010121
200010112
200010010
220010011
202010011
200210011
200012011
200010211
200010001
020011000
022011100
022211110
022211101
022011121
022011112
022011010
022211011
022011211
022011001
020211100
020211121
020211112
020211010
020211211
020211001
020011210
020011201
020011120
020011021
020011102
020011012
020010100
022010110
022010101
020210110
020210101
020012110
020012101
020010121
020010112
020010010
022010011
020210011
020012011
020010211
020010001
002011000
002211100
002211121
002211112
002211010
002211211
002211001
002011210
002011201
002011120
002011021
002011102
002011012
002010100
002210110
002210101
002012110
002012101
002010121
002010112
002010010
002210011
002012011
002010211
002010001
000211000
000211210
000211201
000211120
000211021
000211102
000211012
000210100
000212110
000212101
000210121
000210112
000210010
000212011
000210211
000210001
000012100
000012121
000012112
000012010
000012211
000012001
000011200
000011221
000011212
000010210
000010201
000011020
000011122
000010120
000010021
000011002
000010102
000010012
000001000
200001100
220001110
220001101
202001110
202001101
200201110
200201101
200021110
200021101
200001121
200001112
200001010
220001011
202001011
200201011
200021011
200001211
200001001
020001100
022001110
022001101
020201110
020201101
020021110
020021101
020001121
020001112
020001010
022001011
020201011
020021011
020001211
020001001
002001100
002201110
002201101
002021110
002021101
002001121
002001112
002001010
002201011
002021011
002001211
002001001
000201100
000221110
000221101
000201121
000201112
000201010
000221011
000201211
000201001
000021100
000021121
000021112
000021010
000021211
000021001
000001210
000001201
000001120
000001021
000001102
000001012
000000100
200000110
200000101
020000110
020000101
002000110
002000101
000200110
000200101
000020110
000020101
000002110
000002101
000000121
000000112
000000010
200000011
020000011
002000011
000200011
000020011
000002011
000000211
000000001
