2
100000000 0.0 1.0 0.0 0.0 0.0 0.0 0.0 0.0 0.0
121000000 0.0 0.0 0.0 1.0 0.0 0.0 0.0 0.0 0.0
121210000 0.0 0.0 0.0 0.0 0.0 1.0 0.0 0.0 0.0
121212010 0.0 0.0 0.0 0.0 0.0 0.0 1.0 0.0 0.0
121211200 0.0 0.0 0.0 0.0 0.0 0.0 0.0 1.0 0.0
121210210 0.0 0.0 0.0 0.0 0.0 1.0 0.0 0.0 0.0
121211020 0.0 0.0 0.0 0.0 0.0 0.0 1.0 0.0 0.0
121211002 0.0 0.0 0.0 0.0 0.0 0.0 0.0 1.0 0.0
121210012 0.0 0.0 0.0 0.0 0.0 1.0 0.0 0.0 0.0
121201000 0.0 0.0 0.0 0.0 0.0 0.0 1.0 0.0 0.0
121221100 0.0 0.0 0.0 0.0 0.0 0.0 0.0 1.0 0.0
121221010 0.0 0.0 0.0 0.0 0.0 0.0 1.0 0.0 0.0
121201210 0.0 0.0 0.0 0.0 1.0 0.0 0.0 0.0 0.0
121201120 0.0 0.0 0.0 0.0 0.0 0.0 0.0 0.0 1.0
121201102 0.0 0.0 0.0 0.0 0.0 0.0 0.0 1.0 0.0
121201012 0.0 0.0 0.0 0.0 1.0 0.0 0.0 0.0 0.0
121200100 0.0 0.0 0.0 0.0 0.0 1.0 0.0 0.0 0.0
121220110 0.0 0.0 0.0 0.0 0.0 1.0 0.0 0.0 0.0
121220101 0.0 0.0 0.0 0.0 0.0 1.0 0.0 0.0 0.0
121202110 0.0 0.0 0.0 0.0 0.0 0.0 0.0 0.0 1.0
121202101 0.0 0.0 0.0 0.0 0.0 0.0 0.0 1.0 0.0
121200121 0.0 0.0 0.0 0.0 0.0 1.0 0.0 0.0 0.0
121200112 0.0 0.0 0.0 0.0 0.0 1.0 0.0 0.0 0.0
121200010 0.0 0.0 0.0 0.0 0.0 1.0 0.0 0.0 0.0
121220011 0.0 0.0 0.0 0.0 0.0 0.0 1.0 0.0 0.0
121202011 0.0 0.0 0.0 0.0 0.0 0.0 1.0 0.0 0.0
121200211 0.0 0.0 0.0 0.0 1.0 0.0 0.0 0.0 0.0
121200001 0.0 0.0 0.0 0.0 0.0 1.0 0.0 0.0 0.0
121120000 0.0 0.0 0.0 0.0 0.0 1.0 0.0 0.0 0.0
121122010 0.0 0.0 0.0 0.0 0.0 0.0 0.0 0.0 1.0
121122001 0.0 0.0 0.0 0.0 0.0 0.0 1.0 0.0 0.0
121121200 0.0 0.0 0.0 0.0 0.0 0.0 0.0 1.0 0.0
121120210 0.0 0.0 0.0 0.0 0.0 1.0 0.0 0.0 0.0
121120201 0.0 0.0 0.0 0.0 0.0 1.0 0.0 0.0 0.0
121121002 0.0 0.0 0.0 0.0 0.0 0.0 1.0 0.0 0.0
121120012 0.0 0.0 0.0 0.0 0.0 1.0 0.0 0.0 0.0
121021000 0.0 0.0 0.0 1.0 0.0 0.0 0.0 0.0 0.0
121021210 0.0 0.0 0.0 1.0 0.0 0.0 0.0 0.0 0.0
121021102 0.0 0.0 0.0 1.0 0.0 0.0 0.0 0.0 0.0
121021012 0.0 0.0 0.0 1.0 0.0 0.0 0.0 0.0 0.0
121020100 0.0 0.0 0.0 0.0 0.0 0.0 0.0 0.0 1.0
121022110 0.0 0.0 0.0 0.0 0.0 0.0 0.0 0.0 1.0
121022101 0.0 0.0 0.0 1.0 0.0 0.0 0.0 0.0 0.0
121020112 0.0 0.0 0.0 0.0 0.0 1.0 0.0 0.0 0.0
121020010 0.0 0.0 0.0 0.0 0.0 0.0 0.0 0.0 1.0
121022011 0.0 0.0 0.0 1.0 0.0 0.0 0.0 0.0 0.0
121020211 0.0 0.0 0.0 1.0 0.0 0.0 0.0 0.0 0.0
121020001 0.0 0.0 0.0 1.0 0.0 0.0 0.0 0.0 0.0
121102000 0.0 0.0 0.0 0.0 1.0 0.0 0.0 0.0 0.0
121112200 0.0 0.0 0.0 0.0 0.0 0.0 0.0 1.0 0.0
121102210 0.0 0.0 0.0 0.0 1.0 0.0 0.0 0.0 0.0
121102201 0.0 0.0 0.0 0.0 0.0 0.0 0.0 1.0 0.0
121112020 0.0 0.0 0.0 0.0 0.0 0.0 1.0 0.0 0.0
121102021 0.0 0.0 0.0 0.0 0.0 0.0 1.0 0.0 0.0
121112002 0.0 0.0 0.0 0.0 0.0 0.0 0.0 1.0 0.0
121102012 0.0 0.0 0.0 0.0 1.0 0.0 0.0 0.0 0.0
121012000 0.0 0.0 0.0 1.0 0.0 0.0 0.0 0.0 0.0
121012210 0.0 0.0 0.0 1.0 0.0 0.0 0.0 0.0 0.0
121012012 0.0 0.0 0.0 1.0 0.0 0.0 0.0 0.0 0.0
121002100 0.0 0.0 0.0 1.0 0.0 0.0 0.0 0.0 0.0
121002121 0.0 0.0 0.0 1.0 0.0 0.0 0.0 0.0 0.0
121002112 0.0 0.0 0.0 1.0 0.0 0.0 0.0 0.0 0.0
121002010 0.0 0.0 0.0 1.0 0.0 0.0 0.0 0.0 0.0
121002211 0.0 0.0 0.0 1.0 0.0 0.0 0.0 0.0 0.0
121002001 0.0 0.0 0.0 1.0 0.0 0.0 0.0 0.0 0.0
121100200 0.0 0.0 0.0 0.0 0.0 1.0 0.0 0.0 0.0
121110220 0.0 0.0 0.0 0.0 0.0 1.0 0.0 0.0 0.0
121101220 0.0 0.0 0.0 0.0 1.0 0.0 0.0 0.0 0.0
121100221 0.0 0.0 0.0 0.0 0.0 1.0 0.0 0.0 0.0
121110202 0.0 0.0 0.0 0.0 0.0 1.0 0.0 0.0 0.0
121101202 0.0 0.0 0.0 0.0 1.0 0.0 0.0 0.0 0.0
121100212 0.0 0.0 0.0 0.0 1.0 0.0 0.0 0.0 0.0
121010200 0.0 0.0 0.0 1.0 0.0 0.0 0.0 0.0 0.0
121011220 0.0 0.0 0.0 1.0 0.0 0.0 0.0 0.0 0.0
121011202 0.0 0.0 0.0 1.0 0.0 0.0 0.0 0.0 0.0
121010212 0.0 0.0 0.0 1.0 0.0 0.0 0.0 0.0 0.0
121001200 0.0 0.0 0.0 1.0 0.0 0.0 0.0 0.0 0.0
121001212 0.0 0.0 0.0 1.0 0.0 0.0 0.0 0.0 0.0
121000210 0.0 0.0 0.0 1.0 0.0 0.0 0.0 0.0 0.0
121000201 0.0 0.0 0.0 1.0 0.0 0.0 0.0 0.0 0.0
121100020 0.0 0.0 0.0 0.0 0.0 1.0 0.0 0.0 0.0
121110022 0.0 0.0 0.0 0.0 0.0 1.0 0.0 0.0 0.0
121101022 0.0 0.0 0.0 0.0 1.0 0.0 0.0 0.0 0.0
121010020 0.0 0.0 0.0 1.0 0.0 0.0 0.0 0.0 0.0
121011022 0.0 0.0 0.0 1.0 0.0 0.0 0.0 0.0 0.0
121001020 0.0 0.0 0.0 1.0 0.0 0.0 0.0 0.0 0.0
121001122 0.0 0.0 0.0 1.0 0.0 0.0 0.0 0.0 0.0
121000120 0.0 0.0 0.0 1.0 0.0 0.0 0.0 0.0 0.0
121000021 0.0 0.0 0.0 1.0 0.0 0.0 0.0 0.0 0.0
121100002 0.0 0.0 0.0 0.0 0.0 1.0 0.0 0.0 0.0
121010002 0.0 0.0 0.0 1.0 0.0 0.0 0.0 0.0 0.0
121001002 0.0 0.0 0.0 1.0 0.0 0.0 0.0 0.0 0.0
121000102 0.0 0.0 0.0 1.0 0.0 0.0 0.0 0.0 0.0
121000012 0.0 0.0 0.0 1.0 0.0 0.0 0.0 0.0 0.0
120100000 0.0 0.0 1.0 0.0 0.0 0.0 0.0 0.0 0.0
122110000 0.0 0.0 0.0 0.0 0.0 1.0 0.0 0.0 0.0
122112010 0.0 0.0 0.0 0.0 0.0 0.0 1.0 0.0 0.0
122110210 0.0 0.0 0.0 0.0 0.0 1.0 0.0 0.0 0.0
122110012 0.0 0.0 0.0 0.0 0.0 0.0 1.0 0.0 0.0
122101000 0.0 0.0 0.0 0.0 0.0 0.0 1.0 0.0 0.0
122121010 0.0 0.0 0.0 0.0 0.0 0.0 0.0 0.0 1.0
122121001 0.0 0.0 0.0 0.0 0.0 0.0 1.0 0.0 0.0
122101210 0.0 0.0 0.0 0.0 0.0 0.0 0.0 0.0 1.0
122101201 0.0 0.0 0.0 0.0 0.0 0.0 0.0 1.0 0.0
122101021 0.0 0.0 0.0 0.0 0.0 0.0 1.0 0.0 0.0
122101012 0.0 0.0 0.0 0.0 1.0 0.0 0.0 0.0 0.0
122100010 0.0 0.0 0.0 0.0 1.0 0.0 0.0 0.0 0.0
122120011 0.0 0.0 0.0 0.0 0.0 1.0 0.0 0.0 0.0
122102011 0.0 0.0 0.0 0.0 1.0 0.0 0.0 0.0 0.0
122100211 0.0 0.0 0.0 0.0 0.0 1.0 0.0 0.0 0.0
122100001 0.0 0.0 0.0 0.0 0.0 1.0 0.0 0.0 0.0
120121000 0.0 0.0 1.0 0.0 0.0 0.0 0.0 0.0 0.0
120121210 0.0 0.0 1.0 0.0 0.0 0.0 0.0 0.0 0.0
120121201 0.0 0.0 1.0 0.0 0.0 0.0 0.0 0.0 0.0
120121012 0.0 0.0 1.0 0.0 0.0 0.0 0.0 0.0 0.0
120120010 0.0 0.0 1.0 0.0 0.0 0.0 0.0 0.0 0.0
120122011 0.0 0.0 1.0 0.0 0.0 0.0 0.0 0.0 0.0
120120211 0.0 0.0 1.0 0.0 0.0 0.0 0.0 0.0 0.0
120120001 0.0 0.0 1.0 0.0 0.0 0.0 0.0 0.0 0.0
120112000 0.0 0.0 1.0 0.0 0.0 0.0 0.0 0.0 0.0
120112210 0.0 0.0 1.0 0.0 0.0 0.0 0.0 0.0 0.0
120112012 0.0 0.0 1.0 0.0 0.0 0.0 0.0 0.0 0.0
120102010 0.0 0.0 1.0 0.0 0.0 0.0 0.0 0.0 0.0
120102211 0.0 0.0 1.0 0.0 0.0 0.0 0.0 0.0 0.0
120102001 0.0 0.0 1.0 0.0 0.0 0.0 0.0 0.0 0.0
120110200 0.0 0.0 1.0 0.0 0.0 0.0 0.0 0.0 0.0
120110212 0.0 0.0 1.0 0.0 0.0 0.0 0.0 0.0 0.0
120101200 0.0 0.0 1.0 0.0 0.0 0.0 0.0 0.0 0.0
120101221 0.0 0.0 1.0 0.0 0.0 0.0 0.0 0.0 0.0
120101212 0.0 0.0 1.0 0.0 0.0 0.0 0.0 0.0 0.0
120100210 0.0 0.0 1.0 0.0 0.0 0.0 0.0 0.0 0.0
120100201 0.0 0.0 1.0 0.0 0.0 0.0 0.0 0.0 0.0
120110020 0.0 0.0 1.0 0.0 0.0 0.0 0.0 0.0 0.0
120101020 0.0 0.0 1.0 0.0 0.0 0.0 0.0 0.0 0.0
120100021 0.0 0.0 1.0 0.0 0.0 0.0 0.0 0.0 0.0
120110002 0.0 0.0 1.0 0.0 0.0 0.0 0.0 0.0 0.0
120101002 0.0 0.0 1.0 0.0 0.0 0.0 0.0 0.0 0.0
120100012 0.0 0.0 1.0 0.0 0.0 0.0 0.0 0.0 0.0
120010000 0.0 0.0 1.0 0.0 0.0 0.0 0.0 0.0 0.0
122011000 0.0 0.0 0.0 1.0 0.0 0.0 0.0 0.0 0.0
122211100 0.0 0.0 0.0 0.0 0.0 0.0 0.0 1.0 0.0
122211010 0.0 0.0 0.0 0.0 0.0 0.0 1.0 0.0 0.0
122011210 0.0 0.0 0.0 1.0 0.0 0.0 0.0 0.0 0.0
122011120 0.0 0.0 0.0 1.0 0.0 0.0 0.0 0.0 0.0
122011102 0.0 0.0 0.0 0.0 0.0 0.0 0.0 1.0 0.0
122011012 0.0 0.0 0.0 0.0 0.0 0.0 1.0 0.0 0.0
122010100 0.0 0.0 0.0 1.0 0.0 0.0 0.0 0.0 0.0
122210110 0.0 0.0 0.0 0.0 0.0 1.0 0.0 0.0 0.0
122012110 0.0 0.0 0.0 1.0 0.0 0.0 0.0 0.0 0.0
122010112 0.0 0.0 0.0 1.0 0.0 0.0 0.0 0.0 0.0
122010010 0.0 0.0 0.0 1.0 0.0 0.0 0.0 0.0 0.0
120211000 0.0 0.0 1.0 0.0 0.0 0.0 0.0 0.0 0.0
120211210 0.0 0.0 1.0 0.0 0.0 0.0 0.0 0.0 0.0
120211120 0.0 0.0 1.0 0.0 0.0 0.0 0.0 0.0 0.0
120211102 0.0 0.0 0.0 0.0 0.0 0.0 0.0 1.0 0.0
120211012 0.0 0.0 1.0 0.0 0.0 0.0 0.0 0.0 0.0
120210100 0.0 0.0 1.0 0.0 0.0 0.0 0.0 0.0 0.0
120212110 0.0 0.0 1.0 0.0 0.0 0.0 0.0 0.0 0.0
120210112 0.0 0.0 0.0 0.0 0.0 1.0 0.0 0.0 0.0
120210010 0.0 0.0 1.0 0.0 0.0 0.0 0.0 0.0 0.0
120012100 0.0 0.0 1.0 0.0 0.0 0.0 0.0 0.0 0.0
120012112 0.0 0.0 0.0 1.0 0.0 0.0 0.0 0.0 0.0
120012010 0.0 0.0 1.0 0.0 0.0 0.0 0.0 0.0 0.0
120011200 0.0 0.0 1.0 0.0 0.0 0.0 0.0 0.0 0.0
120011212 0.0 0.0 1.0 0.0 0.0 0.0 0.0 0.0 0.0
120010210 0.0 0.0 1.0 0.0 0.0 0.0 0.0 0.0 0.0
120011020 0.0 0.0 1.0 0.0 0.0 0.0 0.0 0.0 0.0
120011122 0.0 0.0 1.0 0.0 0.0 0.0 0.0 0.0 0.0
120010120 0.0 0.0 1.0 0.0 0.0 0.0 0.0 0.0 0.0
120011002 0.0 0.0 1.0 0.0 0.0 0.0 0.0 0.0 0.0
120010102 0.0 0.0 1.0 0.0 0.0 0.0 0.0 0.0 0.0
120010012 0.0 0.0 1.0 0.0 0.0 0.0 0.0 0.0 0.0
120001000 0.0 0.0 1.0 0.0 0.0 0.0 0.0 0.0 0.0
122001100 0.0 0.0 0.0 1.0 0.0 0.0 0.0 0.0 0.0
122201110 0.0 0.0 0.0 0.0 1.0 0.0 0.0 0.0 0.0
122201101 0.0 0.0 0.0 0.0 1.0 0.0 0.0 0.0 0.0
122021110 0.0 0.0 0.0 1.0 0.0 0.0 0.0 0.0 0.0
122021101 0.0 0.0 0.0 1.0 0.0 0.0 0.0 0.0 0.0
122001121 0.0 0.0 0.0 1.0 0.0 0.0 0.0 0.0 0.0
122001112 0.0 0.0 0.0 0.0 1.0 0.0 0.0 0.0 0.0
122001010 0.0 0.0 0.0 1.0 0.0 0.0 0.0 0.0 0.0
122201011 0.0 0.0 0.0 0.0 1.0 0.0 0.0 0.0 0.0
122021011 0.0 0.0 0.0 1.0 0.0 0.0 0.0 0.0 0.0
122001211 0.0 0.0 0.0 1.0 0.0 0.0 0.0 0.0 0.0
122001001 0.0 0.0 0.0 1.0 0.0 0.0 0.0 0.0 0.0
120201100 0.0 0.0 1.0 0.0 0.0 0.0 0.0 0.0 0.0
120221110 0.0 0.0 1.0 0.0 0.0 0.0 0.0 0.0 0.0
120221101 0.0 0.0 1.0 0.0 0.0 0.0 0.0 0.0 0.0
120201121 0.0 0.0 1.0 0.0 0.0 0.0 0.0 0.0 0.0
120201112 0.0 0.0 1.0 0.0 0.0 0.0 0.0 0.0 0.0
120201010 0.0 0.0 1.0 0.0 0.0 0.0 0.0 0.0 0.0
120221011 0.0 0.0 1.0 0.0 0.0 0.0 0.0 0.0 0.0
120201211 0.0 0.0 1.0 0.0 0.0 0.0 0.0 0.0 0.0
120201001 0.0 0.0 1.0 0.0 0.0 0.0 0.0 0.0 0.0
120021100 0.0 0.0 1.0 0.0 0.0 0.0 0.0 0.0 0.0
120021112 0.0 0.0 1.0 0.0 0.0 0.0 0.0 0.0 0.0
120021010 0.0 0.0 1.0 0.0 0.0 0.0 0.0 0.0 0.0
120021211 0.0 0.0 0.0 1.0 0.0 0.0 0.0 0.0 0.0
120021001 0.0 0.0 0.0 1.0 0.0 0.0 0.0 0.0 0.0
120001210 0.0 0.0 1.0 0.0 0.0 0.0 0.0 0.0 0.0
120001201 0.0 0.0 1.0 0.0 0.0 0.0 0.0 0.0 0.0
120001120 0.0 0.0 1.0 0.0 0.0 0.0 0.0 0.0 0.0
120001021 0.0 0.0 1.0 0.0 0.0 0.0 0.0 0.0 0.0
120001102 0.0 0.0 1.0 0.0 0.0 0.0 0.0 0.0 0.0
120001012 0.0 0.0 1.0 0.0 0.0 0.0 0.0 0.0 0.0
120000100 0.0 0.0 1.0 0.0 0.0 0.0 0.0 0.0 0.0
122000110 0.0 0.0 0.0 1.0 0.0 0.0 0.0 0.0 0.0
122000101 0.0 0.0 0.0 1.0 0.0 0.0 0.0 0.0 0.0
120200110 0.0 0.0 1.0 0.0 0.0 0.0 0.0 0.0 0.0
120200101 0.0 0.0 1.0 0.0 0.0 0.0 0.0 0.0 0.0
120020110 0.0 0.0 1.0 0.0 0.0 0.0 0.0 0.0 0.0
120020101 0.0 0.0 1.0 0.0 0.0 0.0 0.0 0.0 0.0
120002110 0.0 0.0 1.0 0.0 0.0 0.0 0.0 0.0 0.0
120002101 0.0 0.0 1.0 0.0 0.0 0.0 0.0 0.0 0.0
120000121 0.0 0.0 1.0 0.0 0.0 0.0 0.0 0.0 0.0
120000112 0.0 0.0 1.0 0.0 0.0 0.0 0.0 0.0 0.0
120000010 0.0 0.0 1.0 0.0 0.0 0.0 0.0 0.0 0.0
122000011 0.0 0.0 0.0 1.0 0.0 0.0 0.0 0.0 0.0
120200011 0.0 0.0 1.0 0.0 0.0 0.0 0.0 0.0 0.0
120020011 0.0 0.0 1.0 0.0 0.0 0.0 0.0 0.0 0.0
120002011 0.0 0.0 1.0 0.0 0.0 0.0 0.0 0.0 0.0
120000211 0.0 0.0 1.0 0.0 0.0 0.0 0.0 0.0 0.0
120000001 0.0 0.0 1.0 0.0 0.0 0.0 0.0 0.0 0.0
112000000 0.0 0.0 0.0 1.0 0.0 0.0 0.0 0.0 0.0
112210000 0.0 0.0 0.0 0.0 0.0 1.0 0.0 0.0 0.0
112212100 0.0 0.0 0.0 0.0 0.0 0.0 0.0 1.0 0.0
112211200 0.0 0.0 0.0 0.0 0.0 0.0 0.0 1.0 0.0
112211020 0.0 0.0 0.0 0.0 0.0 0.0 1.0 0.0 0.0
112210120 0.0 0.0 0.0 0.0 0.0 1.0 0.0 0.0 0.0
112211002 0.0 0.0 0.0 0.0 0.0 0.0 1.0 0.0 0.0
112210102 0.0 0.0 0.0 0.0 0.0 1.0 0.0 0.0 0.0
112201000 0.0 0.0 0.0 0.0 0.0 0.0 1.0 0.0 0.0
112221100 0.0 0.0 0.0 0.0 0.0 0.0 0.0 1.0 0.0
112221010 0.0 0.0 0.0 0.0 0.0 0.0 1.0 0.0 0.0
112221001 0.0 0.0 0.0 0.0 0.0 0.0 1.0 0.0 0.0
112201210 0.0 0.0 0.0 0.0 0.0 0.0 0.0 0.0 1.0
112201201 0.0 0.0 0.0 0.0 0.0 0.0 0.0 1.0 0.0
112201120 0.0 0.0 0.0 0.0 1.0 0.0 0.0 0.0 0.0
112201021 0.0 0.0 0.0 0.0 0.0 0.0 1.0 0.0 0.0
112201102 0.0 0.0 0.0 0.0 1.0 0.0 0.0 0.0 0.0
112201012 0.0 0.0 0.0 0.0 0.0 0.0 1.0 0.0 0.0
112200100 0.0 0.0 0.0 0.0 0.0 0.0 0.0 1.0 0.0
112220110 0.0 0.0 0.0 0.0 0.0 1.0 0.0 0.0 0.0
112220101 0.0 0.0 0.0 0.0 0.0 1.0 0.0 0.0 0.0
112202110 0.0 0.0 0.0 0.0 1.0 0.0 0.0 0.0 0.0
112202101 0.0 0.0 0.0 0.0 0.0 0.0 0.0 1.0 0.0
112200121 0.0 0.0 0.0 0.0 0.0 1.0 0.0 0.0 0.0
112200112 0.0 0.0 0.0 0.0 1.0 0.0 0.0 0.0 0.0
112200010 0.0 0.0 0.0 0.0 0.0 0.0 1.0 0.0 0.0
112220011 0.0 0.0 0.0 0.0 0.0 1.0 0.0 0.0 0.0
112202011 0.0 0.0 0.0 0.0 0.0 0.0 1.0 0.0 0.0
112200211 0.0 0.0 0.0 0.0 0.0 1.0 0.0 0.0 0.0
112200001 0.0 0.0 0.0 0.0 0.0 1.0 0.0 0.0 0.0
112120000 0.0 0.0 0.0 0.0 0.0 0.0 0.0 1.0 0.0
112122010 0.0 0.0 0.0 0.0 0.0 0.0 1.0 0.0 0.0
112122001 0.0 0.0 0.0 0.0 0.0 0.0 0.0 1.0 0.0
112121020 0.0 0.0 0.0 0.0 0.0 0.0 0.0 0.0 1.0
112120021 0.0 0.0 0.0 0.0 0.0 1.0 0.0 0.0 0.0
112121002 0.0 0.0 0.0 0.0 0.0 0.0 0.0 1.0 0.0
112120012 0.0 0.0 0.0 0.0 0.0 1.0 0.0 0.0 0.0
112021000 0.0 0.0 0.0 0.0 0.0 0.0 0.0 1.0 0.0
112021120 0.0 0.0 0.0 0.0 0.0 0.0 0.0 0.0 1.0
112021021 0.0 0.0 0.0 1.0 0.0 0.0 0.0 0.0 0.0
112021102 0.0 0.0 0.0 0.0 0.0 0.0 0.0 1.0 0.0
112021012 0.0 0.0 0.0 1.0 0.0 0.0 0.0 0.0 0.0
112020100 0.0 0.0 0.0 0.0 0.0 0.0 0.0 1.0 0.0
112022110 0.0 0.0 0.0 1.0 0.0 0.0 0.0 0.0 0.0
112022101 0.0 0.0 0.0 0.0 0.0 0.0 0.0 1.0 0.0
112020121 0.0 0.0 0.0 0.0 0.0 1.0 0.0 0.0 0.0
112020112 0.0 0.0 0.0 1.0 0.0 0.0 0.0 0.0 0.0
112020010 0.0 0.0 0.0 1.0 0.0 0.0 0.0 0.0 0.0
112022011 0.0 0.0 0.0 1.0 0.0 0.0 0.0 0.0 0.0
112020001 0.0 0.0 0.0 0.0 0.0 0.0 0.0 1.0 0.0
112102000 0.0 0.0 0.0 0.0 0.0 0.0 0.0 1.0 0.0
112112200 0.0 0.0 0.0 0.0 0.0 0.0 0.0 1.0 0.0
112102210 0.0 0.0 0.0 0.0 1.0 0.0 0.0 0.0 0.0
112102201 0.0 0.0 0.0 0.0 0.0 0.0 0.0 1.0 0.0
112112020 0.0 0.0 0.0 0.0 0.0 0.0 1.0 0.0 0.0
112102021 0.0 0.0 0.0 0.0 1.0 0.0 0.0 0.0 0.0
112012000 0.0 0.0 0.0 1.0 0.0 0.0 0.0 0.0 0.0
112012120 0.0 0.0 0.0 1.0 0.0 0.0 0.0 0.0 0.0
112002100 0.0 0.0 0.0 0.0 0.0 0.0 0.0 1.0 0.0
112002121 0.0 0.0 0.0 1.0 0.0 0.0 0.0 0.0 0.0
112002010 0.0 0.0 0.0 1.0 0.0 0.0 0.0 0.0 0.0
112002211 0.0 0.0 0.0 1.0 0.0 0.0 0.0 0.0 0.0
112002001 0.0 0.0 0.0 1.0 0.0 0.0 0.0 0.0 0.0
112100200 0.0 0.0 0.0 0.0 1.0 0.0 0.0 0.0 0.0
112110220 0.0 0.0 0.0 0.0 0.0 1.0 0.0 0.0 0.0
112101220 0.0 0.0 0.0 0.0 1.0 0.0 0.0 0.0 0.0
112100221 0.0 0.0 0.0 0.0 0.0 1.0 0.0 0.0 0.0
112110202 0.0 0.0 0.0 0.0 0.0 1.0 0.0 0.0 0.0
112101202 0.0 0.0 0.0 0.0 1.0 0.0 0.0 0.0 0.0
112100212 0.0 0.0 0.0 0.0 1.0 0.0 0.0 0.0 0.0
112010200 0.0 0.0 0.0 1.0 0.0 0.0 0.0 0.0 0.0
112011220 0.0 0.0 0.0 1.0 0.0 0.0 0.0 0.0 0.0
112011202 0.0 0.0 0.0 1.0 0.0 0.0 0.0 0.0 0.0
112001200 0.0 0.0 0.0 1.0 0.0 0.0 0.0 0.0 0.0
112001221 0.0 0.0 0.0 1.0 0.0 0.0 0.0 0.0 0.0
112001212 0.0 0.0 0.0 1.0 0.0 0.0 0.0 0.0 0.0
112000210 0.0 0.0 0.0 1.0 0.0 0.0 0.0 0.0 0.0
112000201 0.0 0.0 0.0 1.0 0.0 0.0 0.0 0.0 0.0
112100020 0.0 0.0 0.0 0.0 1.0 0.0 0.0 0.0 0.0
112110022 0.0 0.0 0.0 0.0 0.0 1.0 0.0 0.0 0.0
112101022 0.0 0.0 0.0 0.0 1.0 0.0 0.0 0.0 0.0
112010020 0.0 0.0 0.0 1.0 0.0 0.0 0.0 0.0 0.0
112011022 0.0 0.0 0.0 1.0 0.0 0.0 0.0 0.0 0.0
112010122 0.0 0.0 0.0 1.0 0.0 0.0 0.0 0.0 0.0
112001020 0.0 0.0 0.0 1.0 0.0 0.0 0.0 0.0 0.0
112001122 0.0 0.0 0.0 0.0 1.0 0.0 0.0 0.0 0.0
112000120 0.0 0.0 0.0 1.0 0.0 0.0 0.0 0.0 0.0
112000021 0.0 0.0 0.0 1.0 0.0 0.0 0.0 0.0 0.0
112100002 0.0 0.0 0.0 0.0 1.0 0.0 0.0 0.0 0.0
112010002 0.0 0.0 0.0 1.0 0.0 0.0 0.0 0.0 0.0
112001002 0.0 0.0 0.0 1.0 0.0 0.0 0.0 0.0 0.0
112000102 0.0 0.0 0.0 0.0 1.0 0.0 0.0 0.0 0.0
112000012 0.0 0.0 0.0 1.0 0.0 0.0 0.0 0.0 0.0
102100000 0.0 1.0 0.0 0.0 0.0 0.0 0.0 0.0 0.0
102121000 0.0 0.0 0.0 0.0 0.0 0.0 0.0 0.0 1.0
102121021 0.0 1.0 0.0 0.0 0.0 0.0 0.0 0.0 0.0
102121012 0.0 1.0 0.0 0.0 0.0 0.0 0.0 0.0 0.0
102120010 0.0 1.0 0.0 0.0 0.0 0.0 0.0 0.0 0.0
102122011 0.0 1.0 0.0 0.0 0.0 0.0 0.0 0.0 0.0
102120001 0.0 0.0 0.0 0.0 0.0 1.0 0.0 0.0 0.0
102112000 0.0 1.0 0.0 0.0 0.0 0.0 0.0 0.0 0.0
102112210 0.0 1.0 0.0 0.0 0.0 0.0 0.0 0.0 0.0
102102010 0.0 1.0 0.0 0.0 0.0 0.0 0.0 0.0 0.0
102102211 0.0 1.0 0.0 0.0 0.0 0.0 0.0 0.0 0.0
102102001 0.0 1.0 0.0 0.0 0.0 0.0 0.0 0.0 0.0
102110200 0.0 1.0 0.0 0.0 0.0 0.0 0.0 0.0 0.0
102110212 0.0 1.0 0.0 0.0 0.0 0.0 0.0 0.0 0.0
102101200 0.0 1.0 0.0 0.0 0.0 0.0 0.0 0.0 0.0
102101221 0.0 1.0 0.0 0.0 0.0 0.0 0.0 0.0 0.0
102101212 0.0 1.0 0.0 0.0 0.0 0.0 0.0 0.0 0.0
102100210 0.0 1.0 0.0 0.0 0.0 0.0 0.0 0.0 0.0
102100201 0.0 1.0 0.0 0.0 0.0 0.0 0.0 0.0 0.0
102110020 0.0 1.0 0.0 0.0 0.0 0.0 0.0 0.0 0.0
102101020 0.0 1.0 0.0 0.0 0.0 0.0 0.0 0.0 0.0
102100021 0.0 1.0 0.0 0.0 0.0 0.0 0.0 0.0 0.0
102110002 0.0 1.0 0.0 0.0 0.0 0.0 0.0 0.0 0.0
102101002 0.0 1.0 0.0 0.0 0.0 0.0 0.0 0.0 0.0
102100012 0.0 1.0 0.0 0.0 0.0 0.0 0.0 0.0 0.0
102010000 0.0 1.0 0.0 0.0 0.0 0.0 0.0 0.0 0.0
102211000 0.0 1.0 0.0 0.0 0.0 0.0 0.0 0.0 0.0
102211210 0.0 1.0 0.0 0.0 0.0 0.0 0.0 0.0 0.0
102211120 0.0 1.0 0.0 0.0 0.0 0.0 0.0 0.0 0.0
102211102 0.0 1.0 0.0 0.0 0.0 0.0 0.0 0.0 0.0
102211012 0.0 0.0 0.0 0.0 0.0 0.0 1.0 0.0 0.0
102210100 0.0 1.0 0.0 0.0 0.0 0.0 0.0 0.0 0.0
102212110 0.0 1.0 0.0 0.0 0.0 0.0 0.0 0.0 0.0
102210112 0.0 1.0 0.0 0.0 0.0 0.0 0.0 0.0 0.0
102210010 0.0 1.0 0.0 0.0 0.0 0.0 0.0 0.0 0.0
102012100 0.0 1.0 0.0 0.0 0.0 0.0 0.0 0.0 0.0
102012010 0.0 1.0 0.0 0.0 0.0 0.0 0.0 0.0 0.0
102011200 0.0 1.0 0.0 0.0 0.0 0.0 0.0 0.0 0.0
102011212 0.0 1.0 0.0 0.0 0.0 0.0 0.0 0.0 0.0
102010210 0.0 1.0 0.0 0.0 0.0 0.0 0.0 0.0 0.0
102011020 0.0 1.0 0.0 0.0 0.0 0.0 0.0 0.0 0.0
102011122 0.0 1.0 0.0 0.0 0.0 0.0 0.0 0.0 0.0
102010120 0.0 1.0 0.0 0.0 0.0 0.0 0.0 0.0 0.0
102011002 0.0 1.0 0.0 0.0 0.0 0.0 0.0 0.0 0.0
102010102 0.0 1.0 0.0 0.0 0.0 0.0 0.0 0.0 0.0
102010012 0.0 1.0 0.0 0.0 0.0 0.0 0.0 0.0 0.0
102001000 0.0 1.0 0.0 0.0 0.0 0.0 0.0 0.0 0.0
102201100 0.0 1.0 0.0 0.0 0.0 0.0 0.0 0.0 0.0
102221110 0.0 1.0 0.0 0.0 0.0 0.0 0.0 0.0 0.0
102221101 0.0 1.0 0.0 0.0 0.0 0.0 0.0 0.0 0.0
102201121 0.0 1.0 0.0 0.0 0.0 0.0 0.0 0.0 0.0
102201112 0.0 1.0 0.0 0.0 0.0 0.0 0.0 0.0 0.0
102201010 0.0 1.0 0.0 0.0 0.0 0.0 0.0 0.0 0.0
102221011 0.0 1.0 0.0 0.0 0.0 0.0 0.0 0.0 0.0
102201211 0.0 1.0 0.0 0.0 0.0 0.0 0.0 0.0 0.0
102201001 0.0 1.0 0.0 0.0 0.0 0.0 0.0 0.0 0.0
102021100 0.0 1.0 0.0 0.0 0.0 0.0 0.0 0.0 0.0
102021121 0.0 1.0 0.0 0.0 0.0 0.0 0.0 0.0 0.0
102021112 0.0 1.0 0.0 0.0 0.0 0.0 0.0 0.0 0.0
102021010 0.0 1.0 0.0 0.0 0.0 0.0 0.0 0.0 0.0
102021001 0.0 1.0 0.0 0.0 0.0 0.0 0.0 0.0 0.0
102001210 0.0 1.0 0.0 0.0 0.0 0.0 0.0 0.0 0.0
102001201 0.0 1.0 0.0 0.0 0.0 0.0 0.0 0.0 0.0
102001120 0.0 1.0 0.0 0.0 0.0 0.0 0.0 0.0 0.0
102001021 0.0 1.0 0.0 0.0 0.0 0.0 0.0 0.0 0.0
102001102 0.0 1.0 0.0 0.0 0.0 0.0 0.0 0.0 0.0
102001012 0.0 1.0 0.0 0.0 0.0 0.0 0.0 0.0 0.0
102000100 0.0 1.0 0.0 0.0 0.0 0.0 0.0 0.0 0.0
102200110 0.0 1.0 0.0 0.0 0.0 0.0 0.0 0.0 0.0
102200101 0.0 1.0 0.0 0.0 0.0 0.0 0.0 0.0 0.0
102020110 0.0 1.0 0.0 0.0 0.0 0.0 0.0 0.0 0.0
102020101 0.0 1.0 0.0 0.0 0.0 0.0 0.0 0.0 0.0
102002110 0.0 1.0 0.0 0.0 0.0 0.0 0.0 0.0 0.0
102002101 0.0 1.0 0.0 0.0 0.0 0.0 0.0 0.0 0.0
102000121 0.0 1.0 0.0 0.0 0.0 0.0 0.0 0.0 0.0
102000112 0.0 1.0 0.0 0.0 0.0 0.0 0.0 0.0 0.0
102000010 0.0 1.0 0.0 0.0 0.0 0.0 0.0 0.0 0.0
102200011 0.0 1.0 0.0 0.0 0.0 0.0 0.0 0.0 0.0
102020011 0.0 1.0 0.0 0.0 0.0 0.0 0.0 0.0 0.0
102002011 0.0 1.0 0.0 0.0 0.0 0.0 0.0 0.0 0.0
102000211 0.0 1.0 0.0 0.0 0.0 0.0 0.0 0.0 0.0
102000001 0.0 1.0 0.0 0.0 0.0 0.0 0.0 0.0 0.0
110200000 0.0 0.0 1.0 0.0 0.0 0.0 0.0 0.0 0.0
110221000 0.0 0.0 0.0 0.0 0.0 0.0 1.0 0.0 0.0
110221210 0.0 0.0 0.0 0.0 0.0 0.0 0.0 0.0 1.0
110221201 0.0 0.0 0.0 0.0 0.0 0.0 0.0 1.0 0.0
110221120 0.0 0.0 0.0 0.0 0.0 0.0 0.0 0.0 1.0
110221021 0.0 0.0 0.0 0.0 0.0 0.0 1.0 0.0 0.0
110221102 0.0 0.0 0.0 0.0 0.0 0.0 0.0 1.0 0.0
110221012 0.0 0.0 0.0 0.0 0.0 0.0 1.0 0.0 0.0
110220100 0.0 0.0 0.0 0.0 0.0 0.0 0.0 1.0 0.0
110220121 0.0 0.0 1.0 0.0 0.0 0.0 0.0 0.0 0.0
110220112 0.0 0.0 1.0 0.0 0.0 0.0 0.0 0.0 0.0
110220010 0.0 0.0 0.0 0.0 0.0 0.0 0.0 0.0 1.0
110220211 0.0 0.0 1.0 0.0 0.0 0.0 0.0 0.0 0.0
110220001 0.0 0.0 0.0 0.0 0.0 0.0 0.0 1.0 0.0
110212000 0.0 0.0 1.0 0.0 0.0 0.0 0.0 0.0 0.0
110212120 0.0 0.0 1.0 0.0 0.0 0.0 0.0 0.0 0.0
110212102 0.0 0.0 0.0 0.0 0.0 0.0 0.0 1.0 0.0
110202100 0.0 0.0 0.0 0.0 0.0 0.0 0.0 1.0 0.0
110202121 0.0 0.0 1.0 0.0 0.0 0.0 0.0 0.0 0.0
110202112 0.0 0.0 1.0 0.0 0.0 0.0 0.0 0.0 0.0
110202010 0.0 0.0 0.0 0.0 0.0 0.0 1.0 0.0 0.0
110202211 0.0 0.0 1.0 0.0 0.0 0.0 0.0 0.0 0.0
110202001 0.0 0.0 1.0 0.0 0.0 0.0 0.0 0.0 0.0
110210200 0.0 0.0 1.0 0.0 0.0 0.0 0.0 0.0 0.0
110211220 0.0 0.0 1.0 0.0 0.0 0.0 0.0 0.0 0.0
110211202 0.0 0.0 1.0 0.0 0.0 0.0 0.0 0.0 0.0
110201200 0.0 0.0 1.0 0.0 0.0 0.0 0.0 0.0 0.0
110201221 0.0 0.0 1.0 0.0 0.0 0.0 0.0 0.0 0.0
110201212 0.0 0.0 1.0 0.0 0.0 0.0 0.0 0.0 0.0
110200210 0.0 0.0 1.0 0.0 0.0 0.0 0.0 0.0 0.0
110200201 0.0 0.0 1.0 0.0 0.0 0.0 0.0 0.0 0.0
110210020 0.0 0.0 1.0 0.0 0.0 0.0 0.0 0.0 0.0
110211022 0.0 0.0 1.0 0.0 0.0 0.0 0.0 0.0 0.0
110210122 0.0 0.0 0.0 0.0 0.0 1.0 0.0 0.0 0.0
110201020 0.0 0.0 1.0 0.0 0.0 0.0 0.0 0.0 0.0
110201122 0.0 0.0 0.0 0.0 1.0 0.0 0.0 0.0 0.0
110200120 0.0 0.0 1.0 0.0 0.0 0.0 0.0 0.0 0.0
110200021 0.0 0.0 1.0 0.0 0.0 0.0 0.0 0.0 0.0
110210002 0.0 0.0 0.0 0.0 0.0 1.0 0.0 0.0 0.0
110201002 0.0 0.0 1.0 0.0 0.0 0.0 0.0 0.0 0.0
110200102 0.0 0.0 0.0 0.0 1.0 0.0 0.0 0.0 0.0
110200012 0.0 0.0 1.0 0.0 0.0 0.0 0.0 0.0 0.0
101200000 0.0 1.0 0.0 0.0 0.0 0.0 0.0 0.0 0.0
101221000 0.0 0.0 0.0 0.0 0.0 0.0 1.0 0.0 0.0
101221210 0.0 1.0 0.0 0.0 0.0 0.0 0.0 0.0 0.0
101221120 0.0 0.0 0.0 0.0 0.0 0.0 0.0 0.0 1.0
101221102 0.0 0.0 0.0 0.0 0.0 0.0 0.0 1.0 0.0
101221012 0.0 0.0 0.0 0.0 0.0 0.0 1.0 0.0 0.0
101220100 0.0 0.0 0.0 0.0 0.0 0.0 0.0 0.0 1.0
101220121 0.0 1.0 0.0 0.0 0.0 0.0 0.0 0.0 0.0
101220112 0.0 1.0 0.0 0.0 0.0 0.0 0.0 0.0 0.0
101220010 0.0 0.0 0.0 0.0 0.0 0.0 1.0 0.0 0.0
101220211 0.0 1.0 0.0 0.0 0.0 0.0 0.0 0.0 0.0
101220001 0.0 0.0 0.0 0.0 0.0 0.0 1.0 0.0 0.0
101212000 0.0 1.0 0.0 0.0 0.0 0.0 0.0 0.0 0.0
101212210 0.0 1.0 0.0 0.0 0.0 0.0 0.0 0.0 0.0
101212012 0.0 1.0 0.0 0.0 0.0 0.0 0.0 0.0 0.0
101202100 0.0 1.0 0.0 0.0 0.0 0.0 0.0 0.0 0.0
101202121 0.0 1.0 0.0 0.0 0.0 0.0 0.0 0.0 0.0
101202112 0.0 1.0 0.0 0.0 0.0 0.0 0.0 0.0 0.0
101202010 0.0 1.0 0.0 0.0 0.0 0.0 0.0 0.0 0.0
101202211 0.0 1.0 0.0 0.0 0.0 0.0 0.0 0.0 0.0
101202001 0.0 1.0 0.0 0.0 0.0 0.0 0.0 0.0 0.0
101210200 0.0 1.0 0.0 0.0 0.0 0.0 0.0 0.0 0.0
101211220 0.0 1.0 0.0 0.0 0.0 0.0 0.0 0.0 0.0
101211202 0.0 1.0 0.0 0.0 0.0 0.0 0.0 0.0 0.0
101210212 0.0 0.0 0.0 0.0 0.0 1.0 0.0 0.0 0.0
101201200 0.0 1.0 0.0 0.0 0.0 0.0 0.0 0.0 0.0
101201212 0.0 0.0 0.0 0.0 1.0 0.0 0.0 0.0 0.0
101200210 0.0 1.0 0.0 0.0 0.0 0.0 0.0 0.0 0.0
101200201 0.0 1.0 0.0 0.0 0.0 0.0 0.0 0.0 0.0
101210020 0.0 1.0 0.0 0.0 0.0 0.0 0.0 0.0 0.0
101211022 0.0 1.0 0.0 0.0 0.0 0.0 0.0 0.0 0.0
101201020 0.0 1.0 0.0 0.0 0.0 0.0 0.0 0.0 0.0
101201122 0.0 1.0 0.0 0.0 0.0 0.0 0.0 0.0 0.0
101200120 0.0 1.0 0.0 0.0 0.0 0.0 0.0 0.0 0.0
101200021 0.0 1.0 0.0 0.0 0.0 0.0 0.0 0.0 0.0
101210002 0.0 1.0 0.0 0.0 0.0 0.0 0.0 0.0 0.0
101201002 0.0 1.0 0.0 0.0 0.0 0.0 0.0 0.0 0.0
101200102 0.0 1.0 0.0 0.0 0.0 0.0 0.0 0.0 0.0
101200012 0.0 1.0 0.0 0.0 0.0 0.0 0.0 0.0 0.0
100210000 0.0 1.0 0.0 0.0 0.0 0.0 0.0 0.0 0.0
100212100 0.0 1.0 0.0 0.0 0.0 0.0 0.0 0.0 0.0
100212112 0.0 1.0 0.0 0.0 0.0 0.0 0.0 0.0 0.0
100212010 0.0 1.0 0.0 0.0 0.0 0.0 0.0 0.0 0.0
100211200 0.0 1.0 0.0 0.0 0.0 0.0 0.0 0.0 0.0
100211212 0.0 0.0 1.0 0.0 0.0 0.0 0.0 0.0 0.0
100210210 0.0 1.0 0.0 0.0 0.0 0.0 0.0 0.0 0.0
100211020 0.0 1.0 0.0 0.0 0.0 0.0 0.0 0.0 0.0
100211122 0.0 1.0 0.0 0.0 0.0 0.0 0.0 0.0 0.0
100210120 0.0 1.0 0.0 0.0 0.0 0.0 0.0 0.0 0.0
100211002 0.0 1.0 0.0 0.0 0.0 0.0 0.0 0.0 0.0
100210102 0.0 1.0 0.0 0.0 0.0 0.0 0.0 0.0 0.0
100210012 0.0 1.0 0.0 0.0 0.0 0.0 0.0 0.0 0.0
100201000 0.0 1.0 0.0 0.0 0.0 0.0 0.0 0.0 0.0
100221100 0.0 0.0 0.0 0.0 0.0 0.0 0.0 0.0 1.0
100221121 0.0 1.0 0.0 0.0 0.0 0.0 0.0 0.0 0.0
100221112 0.0 1.0 0.0 0.0 0.0 0.0 0.0 0.0 0.0
100221010 0.0 1.0 0.0 0.0 0.0 0.0 0.0 0.0 0.0
100221211 0.0 1.0 0.0 0.0 0.0 0.0 0.0 0.0 0.0
100221001 0.0 1.0 0.0 0.0 0.0 0.0 0.0 0.0 0.0
100201210 0.0 1.0 0.0 0.0 0.0 0.0 0.0 0.0 0.0
100201201 0.0 1.0 0.0 0.0 0.0 0.0 0.0 0.0 0.0
100201120 0.0 1.0 0.0 0.0 0.0 0.0 0.0 0.0 0.0
100201021 0.0 1.0 0.0 0.0 0.0 0.0 0.0 0.0 0.0
100201102 0.0 1.0 0.0 0.0 0.0 0.0 0.0 0.0 0.0
100201012 0.0 0.0 1.0 0.0 0.0 0.0 0.0 0.0 0.0
100200100 0.0 1.0 0.0 0.0 0.0 0.0 0.0 0.0 0.0
100220110 0.0 1.0 0.0 0.0 0.0 0.0 0.0 0.0 0.0
100220101 0.0 1.0 0.0 0.0 0.0 0.0 0.0 0.0 0.0
100202110 0.0 1.0 0.0 0.0 0.0 0.0 0.0 0.0 0.0
100202101 0.0 1.0 0.0 0.0 0.0 0.0 0.0 0.0 0.0
100200121 0.0 1.0 0.0 0.0 0.0 0.0 0.0 0.0 0.0
100200112 0.0 1.0 0.0 0.0 0.0 0.0 0.0 0.0 0.0
100200010 0.0 1.0 0.0 0.0 0.0 0.0 0.0 0.0 0.0
100220011 0.0 1.0 0.0 0.0 0.0 0.0 0.0 0.0 0.0
100202011 0.0 1.0 0.0 0.0 0.0 0.0 0.0 0.0 0.0
100200211 0.0 1.0 0.0 0.0 0.0 0.0 0.0 0.0 0.0
100200001 0.0 1.0 0.0 0.0 0.0 0.0 0.0 0.0 0.0
110020000 0.0 0.0 0.0 1.0 0.0 0.0 0.0 0.0 0.0
110122000 0.0 0.0 0.0 0.0 0.0 0.0 1.0 0.0 0.0
110122210 0.0 0.0 0.0 0.0 0.0 0.0 0.0 0.0 1.0
110122201 0.0 0.0 0.0 0.0 0.0 0.0 0.0 1.0 0.0
110122021 0.0 0.0 1.0 0.0 0.0 0.0 0.0 0.0 0.0
110122012 0.0 0.0 0.0 0.0 0.0 0.0 1.0 0.0 0.0
110022100 0.0 0.0 0.0 0.0 0.0 0.0 0.0 1.0 0.0
110022121 0.0 0.0 1.0 0.0 0.0 0.0 0.0 0.0 0.0
110022112 0.0 0.0 1.0 0.0 0.0 0.0 0.0 0.0 0.0
110022010 0.0 0.0 1.0 0.0 0.0 0.0 0.0 0.0 0.0
110022211 0.0 0.0 1.0 0.0 0.0 0.0 0.0 0.0 0.0
110022001 0.0 0.0 0.0 0.0 0.0 0.0 0.0 1.0 0.0
110120200 0.0 0.0 0.0 0.0 0.0 1.0 0.0 0.0 0.0
110121220 0.0 0.0 1.0 0.0 0.0 0.0 0.0 0.0 0.0
110120221 0.0 0.0 0.0 0.0 0.0 1.0 0.0 0.0 0.0
110121202 0.0 0.0 1.0 0.0 0.0 0.0 0.0 0.0 0.0
110120212 0.0 0.0 0.0 0.0 0.0 1.0 0.0 0.0 0.0
110021200 0.0 0.0 0.0 1.0 0.0 0.0 0.0 0.0 0.0
110021221 0.0 0.0 0.0 1.0 0.0 0.0 0.0 0.0 0.0
110021212 0.0 0.0 0.0 1.0 0.0 0.0 0.0 0.0 0.0
110020210 0.0 0.0 0.0 0.0 0.0 0.0 0.0 0.0 1.0
110020201 0.0 0.0 0.0 0.0 0.0 0.0 0.0 1.0 0.0
110120020 0.0 0.0 1.0 0.0 0.0 0.0 0.0 0.0 0.0
110121022 0.0 0.0 1.0 0.0 0.0 0.0 0.0 0.0 0.0
110021020 0.0 0.0 1.0 0.0 0.0 0.0 0.0 0.0 0.0
110021122 0.0 0.0 1.0 0.0 0.0 0.0 0.0 0.0 0.0
110020120 0.0 0.0 1.0 0.0 0.0 0.0 0.0 0.0 0.0
110020021 0.0 0.0 1.0 0.0 0.0 0.0 0.0 0.0 0.0
110120002 0.0 0.0 0.0 0.0 0.0 1.0 0.0 0.0 0.0
110021002 0.0 0.0 1.0 0.0 0.0 0.0 0.0 0.0 0.0
110020102 0.0 0.0 1.0 0.0 0.0 0.0 0.0 0.0 0.0
110020012 0.0 0.0 0.0 1.0 0.0 0.0 0.0 0.0 0.0
101020000 0.0 0.0 0.0 1.0 0.0 0.0 0.0 0.0 0.0
101122000 0.0 1.0 0.0 0.0 0.0 0.0 0.0 0.0 0.0
101122210 0.0 0.0 0.0 0.0 0.0 0.0 0.0 0.0 1.0
101122201 0.0 0.0 0.0 0.0 0.0 0.0 0.0 1.0 0.0
101122021 0.0 0.0 0.0 0.0 0.0 0.0 1.0 0.0 0.0
101122012 0.0 1.0 0.0 0.0 0.0 0.0 0.0 0.0 0.0
101022100 0.0 0.0 0.0 0.0 0.0 0.0 0.0 0.0 1.0
101022121 0.0 1.0 0.0 0.0 0.0 0.0 0.0 0.0 0.0
101022112 0.0 1.0 0.0 0.0 0.0 0.0 0.0 0.0 0.0
101022010 0.0 0.0 0.0 0.0 0.0 0.0 1.0 0.0 0.0
101022211 0.0 1.0 0.0 0.0 0.0 0.0 0.0 0.0 0.0
101022001 0.0 0.0 0.0 0.0 0.0 0.0 1.0 0.0 0.0
101120200 0.0 0.0 0.0 0.0 0.0 1.0 0.0 0.0 0.0
101121220 0.0 1.0 0.0 0.0 0.0 0.0 0.0 0.0 0.0
101120221 0.0 0.0 0.0 0.0 0.0 1.0 0.0 0.0 0.0
101121202 0.0 1.0 0.0 0.0 0.0 0.0 0.0 0.0 0.0
101120212 0.0 0.0 0.0 0.0 0.0 1.0 0.0 0.0 0.0
101021200 0.0 0.0 0.0 1.0 0.0 0.0 0.0 0.0 0.0
101021212 0.0 0.0 0.0 1.0 0.0 0.0 0.0 0.0 0.0
101020210 0.0 0.0 0.0 1.0 0.0 0.0 0.0 0.0 0.0
101020201 0.0 0.0 0.0 1.0 0.0 0.0 0.0 0.0 0.0
101120020 0.0 0.0 0.0 0.0 0.0 1.0 0.0 0.0 0.0
101121022 0.0 1.0 0.0 0.0 0.0 0.0 0.0 0.0 0.0
101021020 0.0 0.0 0.0 1.0 0.0 0.0 0.0 0.0 0.0
101021122 0.0 0.0 0.0 1.0 0.0 0.0 0.0 0.0 0.0
101020120 0.0 0.0 0.0 0.0 0.0 0.0 0.0 0.0 1.0
101020021 0.0 0.0 0.0 0.0 0.0 0.0 1.0 0.0 0.0
101120002 0.0 0.0 0.0 0.0 0.0 1.0 0.0 0.0 0.0
101021002 0.0 0.0 0.0 1.0 0.0 0.0 0.0 0.0 0.0
101020102 0.0 1.0 0.0 0.0 0.0 0.0 0.0 0.0 0.0
101020012 0.0 1.0 0.0 0.0 0.0 0.0 0.0 0.0 0.0
100120000 0.0 0.0 1.0 0.0 0.0 0.0 0.0 0.0 0.0
100122010 0.0 1.0 0.0 0.0 0.0 0.0 0.0 0.0 0.0
100122211 0.0 1.0 0.0 0.0 0.0 0.0 0.0 0.0 0.0
100122001 0.0 0.0 1.0 0.0 0.0 0.0 0.0 0.0 0.0
100121200 0.0 1.0 0.0 0.0 0.0 0.0 0.0 0.0 0.0
100121221 0.0 1.0 0.0 0.0 0.0 0.0 0.0 0.0 0.0
100121212 0.0 1.0 0.0 0.0 0.0 0.0 0.0 0.0 0.0
100120210 0.0 0.0 0.0 0.0 0.0 1.0 0.0 0.0 0.0
100120201 0.0 0.0 0.0 0.0 0.0 1.0 0.0 0.0 0.0
100121020 0.0 1.0 0.0 0.0 0.0 0.0 0.0 0.0 0.0
100120021 0.0 0.0 0.0 0.0 0.0 1.0 0.0 0.0 0.0
100121002 0.0 0.0 1.0 0.0 0.0 0.0 0.0 0.0 0.0
100120012 0.0 1.0 0.0 0.0 0.0 0.0 0.0 0.0 0.0
100021000 0.0 0.0 0.0 1.0 0.0 0.0 0.0 0.0 0.0
100021210 0.0 0.0 0.0 1.0 0.0 0.0 0.0 0.0 0.0
100021201 0.0 0.0 0.0 1.0 0.0 0.0 0.0 0.0 0.0
100021120 0.0 0.0 0.0 0.0 0.0 0.0 0.0 0.0 1.0
100021021 0.0 1.0 0.0 0.0 0.0 0.0 0.0 0.0 0.0
100021102 0.0 0.0 1.0 0.0 0.0 0.0 0.0 0.0 0.0
100021012 0.0 0.0 0.0 1.0 0.0 0.0 0.0 0.0 0.0
100020100 0.0 1.0 0.0 0.0 0.0 0.0 0.0 0.0 0.0
100022110 0.0 1.0 0.0 0.0 0.0 0.0 0.0 0.0 0.0
100022101 0.0 0.0 1.0 0.0 0.0 0.0 0.0 0.0 0.0
100020121 0.0 1.0 0.0 0.0 0.0 0.0 0.0 0.0 0.0
100020112 0.0 1.0 0.0 0.0 0.0 0.0 0.0 0.0 0.0
100020010 0.0 1.0 0.0 0.0 0.0 0.0 0.0 0.0 0.0
100022011 0.0 1.0 0.0 0.0 0.0 0.0 0.0 0.0 0.0
100020211 0.0 1.0 0.0 0.0 0.0 0.0 0.0 0.0 0.0
100020001 0.0 1.0 0.0 0.0 0.0 0.0 0.0 0.0 0.0
110002000 0.0 0.0 0.0 1.0 0.0 0.0 0.0 0.0 0.0
110102200 0.0 0.0 0.0 0.0 1.0 0.0 0.0 0.0 0.0
110112220 0.0 0.0 1.0 0.0 0.0 0.0 0.0 0.0 0.0
110102221 0.0 0.0 1.0 0.0 0.0 0.0 0.0 0.0 0.0
110112202 0.0 0.0 1.0 0.0 0.0 0.0 0.0 0.0 0.0
110102212 0.0 0.0 0.0 0.0 1.0 0.0 0.0 0.0 0.0
110012200 0.0 0.0 1.0 0.0 0.0 0.0 0.0 0.0 0.0
110002210 0.0 0.0 0.0 1.0 0.0 0.0 0.0 0.0 0.0
110002201 0.0 0.0 1.0 0.0 0.0 0.0 0.0 0.0 0.0
110102020 0.0 0.0 1.0 0.0 0.0 0.0 0.0 0.0 0.0
110112022 0.0 0.0 1.0 0.0 0.0 0.0 0.0 0.0 0.0
110012020 0.0 0.0 1.0 0.0 0.0 0.0 0.0 0.0 0.0
110012122 0.0 0.0 0.0 1.0 0.0 0.0 0.0 0.0 0.0
110002120 0.0 0.0 1.0 0.0 0.0 0.0 0.0 0.0 0.0
110002021 0.0 0.0 1.0 0.0 0.0 0.0 0.0 0.0 0.0
110102002 0.0 0.0 0.0 0.0 1.0 0.0 0.0 0.0 0.0
110012002 0.0 0.0 0.0 1.0 0.0 0.0 0.0 0.0 0.0
110002102 0.0 0.0 0.0 0.0 0.0 0.0 0.0 1.0 0.0
110002012 0.0 0.0 0.0 0.0 0.0 0.0 1.0 0.0 0.0
101002000 0.0 1.0 0.0 0.0 0.0 0.0 0.0 0.0 0.0
101102200 0.0 1.0 0.0 0.0 0.0 0.0 0.0 0.0 0.0
101112220 0.0 1.0 0.0 0.0 0.0 0.0 0.0 0.0 0.0
101102221 0.0 1.0 0.0 0.0 0.0 0.0 0.0 0.0 0.0
101112202 0.0 1.0 0.0 0.0 0.0 0.0 0.0 0.0 0.0
101102212 0.0 0.0 0.0 0.0 1.0 0.0 0.0 0.0 0.0
101012200 0.0 1.0 0.0 0.0 0.0 0.0 0.0 0.0 0.0
101012212 0.0 0.0 0.0 1.0 0.0 0.0 0.0 0.0 0.0
101002210 0.0 0.0 0.0 1.0 0.0 0.0 0.0 0.0 0.0
101002201 0.0 1.0 0.0 0.0 0.0 0.0 0.0 0.0 0.0
101102020 0.0 1.0 0.0 0.0 0.0 0.0 0.0 0.0 0.0
101112022 0.0 1.0 0.0 0.0 0.0 0.0 0.0 0.0 0.0
101012020 0.0 1.0 0.0 0.0 0.0 0.0 0.0 0.0 0.0
101002120 0.0 1.0 0.0 0.0 0.0 0.0 0.0 0.0 0.0
101002021 0.0 1.0 0.0 0.0 0.0 0.0 0.0 0.0 0.0
101102002 0.0 1.0 0.0 0.0 0.0 0.0 0.0 0.0 0.0
101012002 0.0 1.0 0.0 0.0 0.0 0.0 0.0 0.0 0.0
101002102 0.0 1.0 0.0 0.0 0.0 0.0 0.0 0.0 0.0
101002012 0.0 1.0 0.0 0.0 0.0 0.0 0.0 0.0 0.0
100102000 0.0 1.0 0.0 0.0 0.0 0.0 0.0 0.0 0.0
100112200 0.0 1.0 0.0 0.0 0.0 0.0 0.0 0.0 0.0
100112212 0.0 1.0 0.0 0.0 0.0 0.0 0.0 0.0 0.0
100102210 0.0 0.0 0.0 0.0 1.0 0.0 0.0 0.0 0.0
100102201 0.0 1.0 0.0 0.0 0.0 0.0 0.0 0.0 0.0
100112020 0.0 1.0 0.0 0.0 0.0 0.0 0.0 0.0 0.0
100102021 0.0 1.0 0.0 0.0 0.0 0.0 0.0 0.0 0.0
100112002 0.0 1.0 0.0 0.0 0.0 0.0 0.0 0.0 0.0
100102012 0.0 0.0 0.0 0.0 1.0 0.0 0.0 0.0 0.0
100012000 0.0 1.0 0.0 0.0 0.0 0.0 0.0 0.0 0.0
100012210 0.0 1.0 0.0 0.0 0.0 0.0 0.0 0.0 0.0
100012120 0.0 1.0 0.0 0.0 0.0 0.0 0.0 0.0 0.0
100012102 0.0 1.0 0.0 0.0 0.0 0.0 0.0 0.0 0.0
100012012 0.0 0.0 0.0 1.0 0.0 0.0 0.0 0.0 0.0
100002100 0.0 1.0 0.0 0.0 0.0 0.0 0.0 0.0 0.0
100002121 0.0 1.0 0.0 0.0 0.0 0.0 0.0 0.0 0.0
100002112 0.0 1.0 0.0 0.0 0.0 0.0 0.0 0.0 0.0
100002010 0.0 1.0 0.0 0.0 0.0 0.0 0.0 0.0 0.0
100002211 0.0 1.0 0.0 0.0 0.0 0.0 0.0 0.0 0.0
100002001 0.0 1.0 0.0 0.0 0.0 0.0 0.0 0.0 0.0
110000200 0.0 0.0 0.0 1.0 0.0 0.0 0.0 0.0 0.0
110100220 0.0 0.0 0.0 0.0 0.0 1.0 0.0 0.0 0.0
110010220 0.0 0.0 1.0 0.0 0.0 0.0 0.0 0.0 0.0
110001220 0.0 0.0 0.0 1.0 0.0 0.0 0.0 0.0 0.0
110000221 0.0 0.0 1.0 0.0 0.0 0.0 0.0 0.0 0.0
110100202 0.0 0.0 1.0 0.0 0.0 0.0 0.0 0.0 0.0
110010202 0.0 0.0 0.0 1.0 0.0 0.0 0.0 0.0 0.0
110001202 0.0 0.0 0.0 1.0 0.0 0.0 0.0 0.0 0.0
110000212 0.0 0.0 0.0 1.0 0.0 0.0 0.0 0.0 0.0
101000200 0.0 1.0 0.0 0.0 0.0 0.0 0.0 0.0 0.0
101100220 0.0 0.0 0.0 0.0 0.0 1.0 0.0 0.0 0.0
101010220 0.0 1.0 0.0 0.0 0.0 0.0 0.0 0.0 0.0
101001220 0.0 0.0 0.0 1.0 0.0 0.0 0.0 0.0 0.0
101000221 0.0 1.0 0.0 0.0 0.0 0.0 0.0 0.0 0.0
101100202 0.0 0.0 0.0 0.0 1.0 0.0 0.0 0.0 0.0
101010202 0.0 0.0 0.0 1.0 0.0 0.0 0.0 0.0 0.0
101001202 0.0 0.0 0.0 1.0 0.0 0.0 0.0 0.0 0.0
101000212 0.0 0.0 0.0 1.0 0.0 0.0 0.0 0.0 0.0
100100200 0.0 1.0 0.0 0.0 0.0 0.0 0.0 0.0 0.0
100110220 0.0 1.0 0.0 0.0 0.0 0.0 0.0 0.0 0.0
100101220 0.0 1.0 0.0 0.0 0.0 0.0 0.0 0.0 0.0
100100221 0.0 1.0 0.0 0.0 0.0 0.0 0.0 0.0 0.0
100110202 0.0 1.0 0.0 0.0 0.0 0.0 0.0 0.0 0.0
100101202 0.0 1.0 0.0 0.0 0.0 0.0 0.0 0.0 0.0
100100212 0.0 0.0 0.0 0.0 1.0 0.0 0.0 0.0 0.0
100010200 0.0 1.0 0.0 0.0 0.0 0.0 0.0 0.0 0.0
100011220 0.0 1.0 0.0 0.0 0.0 0.0 0.0 0.0 0.0
100011202 0.0 0.0 1.0 0.0 0.0 0.0 0.0 0.0 0.0
100010212 0.0 0.0 1.0 0.0 0.0 0.0 0.0 0.0 0.0
100001200 0.0 1.0 0.0 0.0 0.0 0.0 0.0 0.0 0.0
100001221 0.0 1.0 0.0 0.0 0.0 0.0 0.0 0.0 0.0
100001212 0.0 0.0 1.0 0.0 0.0 0.0 0.0 0.0 0.0
100000210 0.0 1.0 0.0 0.0 0.0 0.0 0.0 0.0 0.0
100000201 0.0 1.0 0.0 0.0 0.0 0.0 0.0 0.0 0.0
110000020 0.0 0.0 1.0 0.0 0.0 0.0 0.0 0.0 0.0
110100022 0.0 0.0 0.0 0.0 1.0 0.0 0.0 0.0 0.0
110010022 0.0 0.0 0.0 1.0 0.0 0.0 0.0 0.0 0.0
110001022 0.0 0.0 1.0 0.0 0.0 0.0 0.0 0.0 0.0
110000122 0.0 0.0 1.0 0.0 0.0 0.0 0.0 0.0 0.0
101000020 0.0 1.0 0.0 0.0 0.0 0.0 0.0 0.0 0.0
101100022 0.0 0.0 0.0 0.0 0.0 1.0 0.0 0.0 0.0
101010022 0.0 1.0 0.0 0.0 0.0 0.0 0.0 0.0 0.0
101001022 0.0 0.0 0.0 1.0 0.0 0.0 0.0 0.0 0.0
101000122 0.0 1.0 0.0 0.0 0.0 0.0 0.0 0.0 0.0
100100020 0.0 1.0 0.0 0.0 0.0 0.0 0.0 0.0 0.0
100110022 0.0 1.0 0.0 0.0 0.0 0.0 0.0 0.0 0.0
100101022 0.0 0.0 1.0 0.0 0.0 0.0 0.0 0.0 0.0
100010020 0.0 1.0 0.0 0.0 0.0 0.0 0.0 0.0 0.0
100011022 0.0 1.0 0.0 0.0 0.0 0.0 0.0 0.0 0.0
100010122 0.0 1.0 0.0 0.0 0.0 0.0 0.0 0.0 0.0
100001020 0.0 1.0 0.0 0.0 0.0 0.0 0.0 0.0 0.0
100001122 0.0 1.0 0.0 0.0 0.0 0.0 0.0 0.0 0.0
100000120 0.0 1.0 0.0 0.0 0.0 0.0 0.0 0.0 0.0
100000021 0.0 1.0 0.0 0.0 0.0 0.0 0.0 0.0 0.0
110000002 0.0 0.0 0.0 1.0 0.0 0.0 0.0 0.0 0.0
101000002 0.0 1.0 0.0 0.0 0.0 0.0 0.0 0.0 0.0
100100002 0.0 1.0 0.0 0.0 0.0 0.0 0.0 0.0 0.0
100010002 0.0 1.0 0.0 0.0 0.0 0.0 0.0 0.0 0.0
100001002 0.0 1.0 0.0 0.0 0.0 0.0 0.0 0.0 0.0
100000102 0.0 1.0 0.0 0.0 0.0 0.0 0.0 0.0 0.0
100000012 0.0 1.0 0.0 0.0 0.0 0.0 0.0 0.0 0.0
010000000 1.0 0.0 0.0 0.0 0.0 0.0 0.0 0.0 0.0
211000000 0.0 0.0 0.0 0.0 0.0 0.0 0.0 1.0 0.0
211210000 0.0 0.0 0.0 0.0 0.0 1.0 0.0 0.0 0.0
211212001 0.0 0.0 0.0 0.0 0.0 0.0 0.0 1.0 0.0
211211020 0.0 0.0 0.0 0.0 0.0 0.0 0.0 0.0 1.0
211210021 0.0 0.0 0.0 0.0 0.0 1.0 0.0 0.0 0.0
211211002 0.0 0.0 0.0 0.0 0.0 0.0 0.0 1.0 0.0
211201000 0.0 0.0 0.0 0.0 0.0 0.0 0.0 1.0 0.0
211221100 0.0 0.0 0.0 0.0 0.0 0.0 0.0 1.0 0.0
211221010 0.0 0.0 0.0 0.0 0.0 0.0 1.0 0.0 0.0
211201120 0.0 0.0 0.0 0.0 1.0 0.0 0.0 0.0 0.0
211201102 0.0 0.0 0.0 0.0 0.0 0.0 0.0 1.0 0.0
211201012 0.0 0.0 0.0 0.0 1.0 0.0 0.0 0.0 0.0
211200100 0.0 0.0 0.0 0.0 0.0 1.0 0.0 0.0 0.0
211220110 0.0 0.0 0.0 0.0 0.0 1.0 0.0 0.0 0.0
211220101 0.0 0.0 0.0 0.0 0.0 0.0 0.0 1.0 0.0
211202110 0.0 0.0 0.0 0.0 0.0 0.0 0.0 0.0 1.0
211202101 0.0 0.0 0.0 0.0 0.0 0.0 0.0 1.0 0.0
211200121 0.0 0.0 0.0 0.0 1.0 0.0 0.0 0.0 0.0
211200112 0.0 0.0 0.0 0.0 0.0 1.0 0.0 0.0 0.0
211200010 0.0 0.0 0.0 0.0 1.0 0.0 0.0 0.0 0.0
211220011 0.0 0.0 0.0 0.0 0.0 1.0 0.0 0.0 0.0
211202011 0.0 0.0 0.0 0.0 1.0 0.0 0.0 0.0 0.0
211200001 0.0 0.0 0.0 0.0 0.0 0.0 0.0 1.0 0.0
211120000 0.0 0.0 0.0 0.0 0.0 0.0 1.0 0.0 0.0
211122100 0.0 0.0 0.0 0.0 0.0 0.0 0.0 1.0 0.0
211122010 0.0 0.0 0.0 0.0 0.0 0.0 1.0 0.0 0.0
211122001 0.0 0.0 0.0 0.0 0.0 0.0 1.0 0.0 0.0
211121200 0.0 0.0 0.0 0.0 0.0 0.0 0.0 1.0 0.0
211120210 0.0 0.0 0.0 0.0 0.0 1.0 0.0 0.0 0.0
211120201 0.0 0.0 0.0 0.0 0.0 0.0 0.0 1.0 0.0
211121020 0.0 0.0 0.0 0.0 0.0 0.0 1.0 0.0 0.0
211120120 0.0 0.0 0.0 0.0 0.0 1.0 0.0 0.0 0.0
211120021 0.0 0.0 0.0 0.0 0.0 0.0 1.0 0.0 0.0
211021000 0.0 0.0 0.0 0.0 0.0 0.0 0.0 1.0 0.0
211021210 0.0 0.0 0.0 1.0 0.0 0.0 0.0 0.0 0.0
211021120 0.0 0.0 0.0 1.0 0.0 0.0 0.0 0.0 0.0
211020100 0.0 0.0 0.0 1.0 0.0 0.0 0.0 0.0 0.0
211022110 0.0 0.0 0.0 1.0 0.0 0.0 0.0 0.0 0.0
211022101 0.0 0.0 0.0 1.0 0.0 0.0 0.0 0.0 0.0
211020121 0.0 0.0 0.0 1.0 0.0 0.0 0.0 0.0 0.0
211020010 0.0 0.0 0.0 1.0 0.0 0.0 0.0 0.0 0.0
211022011 0.0 0.0 0.0 1.0 0.0 0.0 0.0 0.0 0.0
211020211 0.0 0.0 0.0 1.0 0.0 0.0 0.0 0.0 0.0
211020001 0.0 0.0 0.0 0.0 0.0 0.0 0.0 1.0 0.0
211102000 0.0 0.0 0.0 0.0 0.0 0.0 1.0 0.0 0.0
211112200 0.0 0.0 0.0 0.0 0.0 0.0 0.0 0.0 1.0
211102210 0.0 0.0 0.0 0.0 0.0 0.0 0.0 0.0 1.0
211102201 0.0 0.0 0.0 0.0 1.0 0.0 0.0 0.0 0.0
211112020 0.0 0.0 0.0 0.0 0.0 0.0 0.0 0.0 1.0
211102120 0.0 0.0 0.0 0.0 0.0 0.0 0.0 0.0 1.0
211102021 0.0 0.0 0.0 0.0 1.0 0.0 0.0 0.0 0.0
211112002 0.0 0.0 0.0 0.0 0.0 0.0 1.0 0.0 0.0
211102102 0.0 0.0 0.0 0.0 0.0 0.0 0.0 1.0 0.0
211102012 0.0 0.0 0.0 0.0 0.0 0.0 1.0 0.0 0.0
211012000 0.0 0.0 0.0 1.0 0.0 0.0 0.0 0.0 0.0
211012201 0.0 0.0 0.0 1.0 0.0 0.0 0.0 0.0 0.0
211012021 0.0 0.0 0.0 1.0 0.0 0.0 0.0 0.0 0.0
211002100 0.0 0.0 0.0 1.0 0.0 0.0 0.0 0.0 0.0
211002121 0.0 0.0 0.0 1.0 0.0 0.0 0.0 0.0 0.0
211002112 0.0 0.0 0.0 1.0 0.0 0.0 0.0 0.0 0.0
211002010 0.0 0.0 0.0 0.0 0.0 0.0 0.0 0.0 1.0
211002211 0.0 0.0 0.0 1.0 0.0 0.0 0.0 0.0 0.0
211002001 0.0 0.0 0.0 1.0 0.0 0.0 0.0 0.0 0.0
211100200 0.0 0.0 0.0 0.0 1.0 0.0 0.0 0.0 0.0
211110220 0.0 0.0 0.0 0.0 0.0 1.0 0.0 0.0 0.0
211101220 0.0 0.0 0.0 0.0 1.0 0.0 0.0 0.0 0.0
211100221 0.0 0.0 0.0 0.0 1.0 0.0 0.0 0.0 0.0
211110202 0.0 0.0 0.0 0.0 0.0 1.0 0.0 0.0 0.0
211101202 0.0 0.0 0.0 0.0 1.0 0.0 0.0 0.0 0.0
211100212 0.0 0.0 0.0 0.0 0.0 1.0 0.0 0.0 0.0
211010200 0.0 0.0 0.0 1.0 0.0 0.0 0.0 0.0 0.0
211011220 0.0 0.0 0.0 1.0 0.0 0.0 0.0 0.0 0.0
211010221 0.0 0.0 0.0 1.0 0.0 0.0 0.0 0.0 0.0
211011202 0.0 0.0 0.0 1.0 0.0 0.0 0.0 0.0 0.0
211001200 0.0 0.0 0.0 1.0 0.0 0.0 0.0 0.0 0.0
211001212 0.0 0.0 0.0 1.0 0.0 0.0 0.0 0.0 0.0
211000210 0.0 0.0 0.0 1.0 0.0 0.0 0.0 0.0 0.0
211000201 0.0 0.0 0.0 1.0 0.0 0.0 0.0 0.0 0.0
211100020 0.0 0.0 0.0 0.0 1.0 0.0 0.0 0.0 0.0
211110022 0.0 0.0 0.0 0.0 0.0 1.0 0.0 0.0 0.0
211101022 0.0 0.0 0.0 0.0 1.0 0.0 0.0 0.0 0.0
211100122 0.0 0.0 0.0 0.0 0.0 1.0 0.0 0.0 0.0
211010020 0.0 0.0 0.0 1.0 0.0 0.0 0.0 0.0 0.0
211011022 0.0 0.0 0.0 1.0 0.0 0.0 0.0 0.0 0.0
211001020 0.0 0.0 0.0 1.0 0.0 0.0 0.0 0.0 0.0
211001122 0.0 0.0 0.0 1.0 0.0 0.0 0.0 0.0 0.0
211000120 0.0 0.0 0.0 1.0 0.0 0.0 0.0 0.0 0.0
211000021 0.0 0.0 0.0 1.0 0.0 0.0 0.0 0.0 0.0
211100002 0.0 0.0 0.0 0.0 0.0 1.0 0.0 0.0 0.0
211010002 0.0 0.0 0.0 1.0 0.0 0.0 0.0 0.0 0.0
211001002 0.0 0.0 0.0 1.0 0.0 0.0 0.0 0.0 0.0
211000102 0.0 0.0 0.0 1.0 0.0 0.0 0.0 0.0 0.0
211000012 0.0 0.0 0.0 0.0 0.0 1.0 0.0 0.0 0.0
210100000 0.0 0.0 1.0 0.0 0.0 0.0 0.0 0.0 0.0
212110000 0.0 0.0 0.0 0.0 0.0 0.0 1.0 0.0 0.0
212112100 0.0 0.0 0.0 0.0 0.0 0.0 0.0 1.0 0.0
212112001 0.0 0.0 0.0 0.0 0.0 0.0 1.0 0.0 0.0
212110201 0.0 0.0 0.0 0.0 0.0 1.0 0.0 0.0 0.0
212110120 0.0 0.0 0.0 0.0 0.0 0.0 0.0 0.0 1.0
212110021 0.0 0.0 0.0 0.0 0.0 0.0 1.0 0.0 0.0
212110102 0.0 0.0 0.0 0.0 0.0 0.0 0.0 1.0 0.0
212101000 0.0 0.0 0.0 0.0 0.0 0.0 1.0 0.0 0.0
212121100 0.0 0.0 0.0 0.0 0.0 0.0 0.0 1.0 0.0
212121010 0.0 0.0 0.0 0.0 0.0 0.0 1.0 0.0 0.0
212121001 0.0 0.0 0.0 0.0 0.0 0.0 1.0 0.0 0.0
212101210 0.0 0.0 0.0 0.0 0.0 0.0 0.0 0.0 1.0
212101201 0.0 0.0 0.0 0.0 0.0 0.0 0.0 1.0 0.0
212101120 0.0 0.0 0.0 0.0 0.0 0.0 0.0 0.0 1.0
212101021 0.0 0.0 0.0 0.0 0.0 0.0 1.0 0.0 0.0
212101102 0.0 0.0 0.0 0.0 0.0 0.0 0.0 1.0 0.0
212101012 0.0 0.0 0.0 0.0 0.0 0.0 1.0 0.0 0.0
212100100 0.0 0.0 0.0 0.0 0.0 0.0 0.0 1.0 0.0
212120110 0.0 0.0 0.0 0.0 0.0 1.0 0.0 0.0 0.0
212120101 0.0 0.0 0.0 0.0 0.0 1.0 0.0 0.0 0.0
212102110 0.0 0.0 0.0 0.0 1.0 0.0 0.0 0.0 0.0
212102101 0.0 0.0 0.0 0.0 1.0 0.0 0.0 0.0 0.0
212100121 0.0 0.0 0.0 0.0 1.0 0.0 0.0 0.0 0.0
212100112 0.0 0.0 0.0 0.0 1.0 0.0 0.0 0.0 0.0
212100010 0.0 0.0 0.0 0.0 0.0 1.0 0.0 0.0 0.0
212120011 0.0 0.0 0.0 0.0 0.0 1.0 0.0 0.0 0.0
212102011 0.0 0.0 0.0 0.0 1.0 0.0 0.0 0.0 0.0
212100211 0.0 0.0 0.0 0.0 0.0 1.0 0.0 0.0 0.0
212100001 0.0 0.0 0.0 0.0 0.0 1.0 0.0 0.0 0.0
210121000 0.0 0.0 0.0 0.0 0.0 0.0 0.0 1.0 0.0
210121210 0.0 0.0 1.0 0.0 0.0 0.0 0.0 0.0 0.0
210121201 0.0 0.0 0.0 0.0 0.0 0.0 0.0 1.0 0.0
210121120 0.0 0.0 1.0 0.0 0.0 0.0 0.0 0.0 0.0
210121021 0.0 0.0 0.0 0.0 0.0 0.0 1.0 0.0 0.0
210120100 0.0 0.0 1.0 0.0 0.0 0.0 0.0 0.0 0.0
210122110 0.0 0.0 1.0 0.0 0.0 0.0 0.0 0.0 0.0
210122101 0.0 0.0 1.0 0.0 0.0 0.0 0.0 0.0 0.0
210120121 0.0 0.0 1.0 0.0 0.0 0.0 0.0 0.0 0.0
210120010 0.0 0.0 1.0 0.0 0.0 0.0 0.0 0.0 0.0
210122011 0.0 0.0 1.0 0.0 0.0 0.0 0.0 0.0 0.0
210120211 0.0 0.0 1.0 0.0 0.0 0.0 0.0 0.0 0.0
210120001 0.0 0.0 0.0 0.0 0.0 0.0 0.0 1.0 0.0
210112000 0.0 0.0 0.0 0.0 0.0 0.0 1.0 0.0 0.0
210112201 0.0 0.0 1.0 0.0 0.0 0.0 0.0 0.0 0.0
210112120 0.0 0.0 0.0 0.0 0.0 0.0 0.0 0.0 1.0
210112021 0.0 0.0 1.0 0.0 0.0 0.0 0.0 0.0 0.0
210112102 0.0 0.0 0.0 0.0 0.0 0.0 0.0 1.0 0.0
210102100 0.0 0.0 0.0 0.0 0.0 0.0 0.0 1.0 0.0
210102121 0.0 0.0 1.0 0.0 0.0 0.0 0.0 0.0 0.0
210102112 0.0 0.0 1.0 0.0 0.0 0.0 0.0 0.0 0.0
210102010 0.0 0.0 1.0 0.0 0.0 0.0 0.0 0.0 0.0
210102211 0.0 0.0 1.0 0.0 0.0 0.0 0.0 0.0 0.0
210102001 0.0 0.0 1.0 0.0 0.0 0.0 0.0 0.0 0.0
210110200 0.0 0.0 1.0 0.0 0.0 0.0 0.0 0.0 0.0
210110221 0.0 0.0 1.0 0.0 0.0 0.0 0.0 0.0 0.0
210101200 0.0 0.0 1.0 0.0 0.0 0.0 0.0 0.0 0.0
210101221 0.0 0.0 1.0 0.0 0.0 0.0 0.0 0.0 0.0
210101212 0.0 0.0 1.0 0.0 0.0 0.0 0.0 0.0 0.0
210100210 0.0 0.0 1.0 0.0 0.0 0.0 0.0 0.0 0.0
210100201 0.0 0.0 1.0 0.0 0.0 0.0 0.0 0.0 0.0
210110020 0.0 0.0 1.0 0.0 0.0 0.0 0.0 0.0 0.0
210110122 0.0 0.0 1.0 0.0 0.0 0.0 0.0 0.0 0.0
210101020 0.0 0.0 1.0 0.0 0.0 0.0 0.0 0.0 0.0
210101122 0.0 0.0 1.0 0.0 0.0 0.0 0.0 0.0 0.0
210100120 0.0 0.0 1.0 0.0 0.0 0.0 0.0 0.0 0.0
210100021 0.0 0.0 1.0 0.0 0.0 0.0 0.0 0.0 0.0
210110002 0.0 0.0 1.0 0.0 0.0 0.0 0.0 0.0 0.0
210101002 0.0 0.0 1.0 0.0 0.0 0.0 0.0 0.0 0.0
210100102 0.0 0.0 0.0 0.0 0.0 0.0 0.0 1.0 0.0
210100012 0.0 0.0 0.0 0.0 0.0 0.0 1.0 0.0 0.0
210010000 0.0 0.0 1.0 0.0 0.0 0.0 0.0 0.0 0.0
212011000 0.0 0.0 0.0 0.0 0.0 0.0 1.0 0.0 0.0
212211100 0.0 0.0 0.0 0.0 0.0 0.0 0.0 0.0 1.0
212211001 0.0 0.0 0.0 0.0 0.0 0.0 1.0 0.0 0.0
212011201 0.0 0.0 0.0 0.0 0.0 0.0 0.0 1.0 0.0
212011120 0.0 0.0 0.0 0.0 0.0 0.0 0.0 0.0 1.0
212011021 0.0 0.0 0.0 0.0 0.0 0.0 1.0 0.0 0.0
212011102 0.0 0.0 0.0 1.0 0.0 0.0 0.0 0.0 0.0
212010100 0.0 0.0 0.0 1.0 0.0 0.0 0.0 0.0 0.0
212210101 0.0 0.0 0.0 0.0 0.0 1.0 0.0 0.0 0.0
212012101 0.0 0.0 0.0 1.0 0.0 0.0 0.0 0.0 0.0
212010121 0.0 0.0 0.0 1.0 0.0 0.0 0.0 0.0 0.0
212010001 0.0 0.0 0.0 0.0 0.0 1.0 0.0 0.0 0.0
210211000 0.0 0.0 0.0 0.0 0.0 0.0 0.0 1.0 0.0
210211120 0.0 0.0 0.0 0.0 0.0 0.0 0.0 0.0 1.0
210211021 0.0 0.0 1.0 0.0 0.0 0.0 0.0 0.0 0.0
210211102 0.0 0.0 1.0 0.0 0.0 0.0 0.0 0.0 0.0
210210100 0.0 0.0 1.0 0.0 0.0 0.0 0.0 0.0 0.0
210212101 0.0 0.0 1.0 0.0 0.0 0.0 0.0 0.0 0.0
210210121 0.0 0.0 0.0 0.0 0.0 1.0 0.0 0.0 0.0
210210001 0.0 0.0 0.0 0.0 0.0 1.0 0.0 0.0 0.0
210012100 0.0 0.0 0.0 1.0 0.0 0.0 0.0 0.0 0.0
210012121 0.0 0.0 0.0 1.0 0.0 0.0 0.0 0.0 0.0
210012001 0.0 0.0 1.0 0.0 0.0 0.0 0.0 0.0 0.0
210011200 0.0 0.0 1.0 0.0 0.0 0.0 0.0 0.0 0.0
210011221 0.0 0.0 1.0 0.0 0.0 0.0 0.0 0.0 0.0
210010201 0.0 0.0 1.0 0.0 0.0 0.0 0.0 0.0 0.0
210011020 0.0 0.0 1.0 0.0 0.0 0.0 0.0 0.0 0.0
210011122 0.0 0.0 1.0 0.0 0.0 0.0 0.0 0.0 0.0
210010120 0.0 0.0 1.0 0.0 0.0 0.0 0.0 0.0 0.0
210010021 0.0 0.0 1.0 0.0 0.0 0.0 0.0 0.0 0.0
210011002 0.0 0.0 1.0 0.0 0.0 0.0 0.0 0.0 0.0
210010102 0.0 0.0 1.0 0.0 0.0 0.0 0.0 0.0 0.0
210001000 0.0 0.0 1.0 0.0 0.0 0.0 0.0 0.0 0.0
212001100 0.0 0.0 0.0 1.0 0.0 0.0 0.0 0.0 0.0
212201110 0.0 0.0 0.0 0.0 1.0 0.0 0.0 0.0 0.0
212201101 0.0 0.0 0.0 0.0 1.0 0.0 0.0 0.0 0.0
212021110 0.0 0.0 0.0 1.0 0.0 0.0 0.0 0.0 0.0
212021101 0.0 0.0 0.0 1.0 0.0 0.0 0.0 0.0 0.0
212001121 0.0 0.0 0.0 1.0 0.0 0.0 0.0 0.0 0.0
212001112 0.0 0.0 0.0 1.0 0.0 0.0 0.0 0.0 0.0
212001010 0.0 0.0 0.0 1.0 0.0 0.0 0.0 0.0 0.0
212201011 0.0 0.0 0.0 0.0 1.0 0.0 0.0 0.0 0.0
212021011 0.0 0.0 0.0 1.0 0.0 0.0 0.0 0.0 0.0
212001211 0.0 0.0 0.0 1.0 0.0 0.0 0.0 0.0 0.0
212001001 0.0 0.0 0.0 0.0 0.0 0.0 0.0 1.0 0.0
210201100 0.0 0.0 1.0 0.0 0.0 0.0 0.0 0.0 0.0
210221110 0.0 0.0 1.0 0.0 0.0 0.0 0.0 0.0 0.0
210221101 0.0 0.0 1.0 0.0 0.0 0.0 0.0 0.0 0.0
210201121 0.0 0.0 0.0 0.0 1.0 0.0 0.0 0.0 0.0
210201112 0.0 0.0 1.0 0.0 0.0 0.0 0.0 0.0 0.0
210201010 0.0 0.0 1.0 0.0 0.0 0.0 0.0 0.0 0.0
210221011 0.0 0.0 1.0 0.0 0.0 0.0 0.0 0.0 0.0
210201001 0.0 0.0 0.0 0.0 1.0 0.0 0.0 0.0 0.0
210021100 0.0 0.0 0.0 1.0 0.0 0.0 0.0 0.0 0.0
210021121 0.0 0.0 0.0 1.0 0.0 0.0 0.0 0.0 0.0
210021010 0.0 0.0 1.0 0.0 0.0 0.0 0.0 0.0 0.0
210021211 0.0 0.0 1.0 0.0 0.0 0.0 0.0 0.0 0.0
210021001 0.0 0.0 0.0 1.0 0.0 0.0 0.0 0.0 0.0
210001210 0.0 0.0 1.0 0.0 0.0 0.0 0.0 0.0 0.0
210001201 0.0 0.0 0.0 0.0 0.0 0.0 0.0 1.0 0.0
210001120 0.0 0.0 1.0 0.0 0.0 0.0 0.0 0.0 0.0
210001021 0.0 0.0 1.0 0.0 0.0 0.0 0.0 0.0 0.0
210001102 0.0 0.0 1.0 0.0 0.0 0.0 0.0 0.0 0.0
210001012 0.0 0.0 1.0 0.0 0.0 0.0 0.0 0.0 0.0
210000100 0.0 0.0 1.0 0.0 0.0 0.0 0.0 0.0 0.0
212000110 0.0 0.0 0.0 1.0 0.0 0.0 0.0 0.0 0.0
212000101 0.0 0.0 0.0 1.0 0.0 0.0 0.0 0.0 0.0
210200110 0.0 0.0 1.0 0.0 0.0 0.0 0.0 0.0 0.0
210200101 0.0 0.0 1.0 0.0 0.0 0.0 0.0 0.0 0.0
210020110 0.0 0.0 1.0 0.0 0.0 0.0 0.0 0.0 0.0
210020101 0.0 0.0 1.0 0.0 0.0 0.0 0.0 0.0 0.0
210002110 0.0 0.0 1.0 0.0 0.0 0.0 0.0 0.0 0.0
210002101 0.0 0.0 1.0 0.0 0.0 0.0 0.0 0.0 0.0
210000121 0.0 0.0 0.0 1.0 0.0 0.0 0.0 0.0 0.0
210000112 0.0 0.0 0.0 1.0 0.0 0.0 0.0 0.0 0.0
210000010 0.0 0.0 1.0 0.0 0.0 0.0 0.0 0.0 0.0
212000011 0.0 0.0 0.0 1.0 0.0 0.0 0.0 0.0 0.0
210200011 0.0 0.0 1.0 0.0 0.0 0.0 0.0 0.0 0.0
210020011 0.0 0.0 1.0 0.0 0.0 0.0 0.0 0.0 0.0
210002011 0.0 0.0 1.0 0.0 0.0 0.0 0.0 0.0 0.0
210000211 0.0 0.0 1.0 0.0 0.0 0.0 0.0 0.0 0.0
210000001 0.0 0.0 1.0 0.0 0.0 0.0 0.0 0.0 0.0
012100000 1.0 0.0 0.0 0.0 0.0 0.0 0.0 0.0 0.0
012121000 0.0 0.0 0.0 0.0 0.0 0.0 0.0 1.0 0.0
012121120 0.0 0.0 0.0 0.0 0.0 0.0 0.0 0.0 1.0
012121021 1.0 0.0 0.0 0.0 0.0 0.0 0.0 0.0 0.0
012121102 0.0 0.0 0.0 0.0 0.0 0.0 0.0 1.0 0.0
012121012 1.0 0.0 0.0 0.0 0.0 0.0 0.0 0.0 0.0
012120100 0.0 0.0 0.0 0.0 0.0 1.0 0.0 0.0 0.0
012122110 1.0 0.0 0.0 0.0 0.0 0.0 0.0 0.0 0.0
012122101 1.0 0.0 0.0 0.0 0.0 0.0 0.0 0.0 0.0
012120121 0.0 0.0 0.0 0.0 0.0 1.0 0.0 0.0 0.0
012120112 1.0 0.0 0.0 0.0 0.0 0.0 0.0 0.0 0.0
012120010 1.0 0.0 0.0 0.0 0.0 0.0 0.0 0.0 0.0
012122011 1.0 0.0 0.0 0.0 0.0 0.0 0.0 0.0 0.0
012120001 0.0 0.0 0.0 0.0 0.0 1.0 0.0 0.0 0.0
012112000 0.0 0.0 0.0 0.0 0.0 0.0 1.0 0.0 0.0
012112201 1.0 0.0 0.0 0.0 0.0 0.0 0.0 0.0 0.0
012112120 1.0 0.0 0.0 0.0 0.0 0.0 0.0 0.0 0.0
012112021 0.0 0.0 0.0 0.0 0.0 0.0 1.0 0.0 0.0
012102100 0.0 0.0 0.0 0.0 1.0 0.0 0.0 0.0 0.0
012102121 0.0 0.0 0.0 0.0 1.0 0.0 0.0 0.0 0.0
012102010 1.0 0.0 0.0 0.0 0.0 0.0 0.0 0.0 0.0
012102211 1.0 0.0 0.0 0.0 0.0 0.0 0.0 0.0 0.0
012102001 1.0 0.0 0.0 0.0 0.0 0.0 0.0 0.0 0.0
012110200 1.0 0.0 0.0 0.0 0.0 0.0 0.0 0.0 0.0
012110221 1.0 0.0 0.0 0.0 0.0 0.0 0.0 0.0 0.0
012101200 1.0 0.0 0.0 0.0 0.0 0.0 0.0 0.0 0.0
012101221 1.0 0.0 0.0 0.0 0.0 0.0 0.0 0.0 0.0
012101212 1.0 0.0 0.0 0.0 0.0 0.0 0.0 0.0 0.0
012100210 1.0 0.0 0.0 0.0 0.0 0.0 0.0 0.0 0.0
012100201 1.0 0.0 0.0 0.0 0.0 0.0 0.0 0.0 0.0
012110020 1.0 0.0 0.0 0.0 0.0 0.0 0.0 0.0 0.0
012110122 1.0 0.0 0.0 0.0 0.0 0.0 0.0 0.0 0.0
012101020 1.0 0.0 0.0 0.0 0.0 0.0 0.0 0.0 0.0
012101122 1.0 0.0 0.0 0.0 0.0 0.0 0.0 0.0 0.0
012100120 1.0 0.0 0.0 0.0 0.0 0.0 0.0 0.0 0.0
012100021 1.0 0.0 0.0 0.0 0.0 0.0 0.0 0.0 0.0
012110002 1.0 0.0 0.0 0.0 0.0 0.0 0.0 0.0 0.0
012101002 1.0 0.0 0.0 0.0 0.0 0.0 0.0 0.0 0.0
012100102 0.0 0.0 0.0 0.0 0.0 0.0 0.0 1.0 0.0
012100012 1.0 0.0 0.0 0.0 0.0 0.0 0.0 0.0 0.0
012010000 1.0 0.0 0.0 0.0 0.0 0.0 0.0 0.0 0.0
012211000 0.0 0.0 0.0 0.0 0.0 0.0 1.0 0.0 0.0
012211201 0.0 0.0 0.0 0.0 0.0 0.0 0.0 1.0 0.0
012211120 1.0 0.0 0.0 0.0 0.0 0.0 0.0 0.0 0.0
012211021 0.0 0.0 0.0 0.0 0.0 0.0 1.0 0.0 0.0
012211102 1.0 0.0 0.0 0.0 0.0 0.0 0.0 0.0 0.0
012210100 1.0 0.0 0.0 0.0 0.0 0.0 0.0 0.0 0.0
012212101 1.0 0.0 0.0 0.0 0.0 0.0 0.0 0.0 0.0
012210121 0.0 0.0 0.0 0.0 0.0 1.0 0.0 0.0 0.0
012210001 0.0 0.0 0.0 0.0 0.0 1.0 0.0 0.0 0.0
012012100 0.0 0.0 0.0 1.0 0.0 0.0 0.0 0.0 0.0
012012121 0.0 0.0 0.0 1.0 0.0 0.0 0.0 0.0 0.0
012012001 1.0 0.0 0.0 0.0 0.0 0.0 0.0 0.0 0.0
012011200 1.0 0.0 0.0 0.0 0.0 0.0 0.0 0.0 0.0
012011221 1.0 0.0 0.0 0.0 0.0 0.0 0.0 0.0 0.0
012010201 1.0 0.0 0.0 0.0 0.0 0.0 0.0 0.0 0.0
012011020 1.0 0.0 0.0 0.0 0.0 0.0 0.0 0.0 0.0
012011122 1.0 0.0 0.0 0.0 0.0 0.0 0.0 0.0 0.0
012010120 1.0 0.0 0.0 0.0 0.0 0.0 0.0 0.0 0.0
012010021 1.0 0.0 0.0 0.0 0.0 0.0 0.0 0.0 0.0
012011002 1.0 0.0 0.0 0.0 0.0 0.0 0.0 0.0 0.0
012010102 1.0 0.0 0.0 0.0 0.0 0.0 0.0 0.0 0.0
012001000 1.0 0.0 0.0 0.0 0.0 0.0 0.0 0.0 0.0
012201100 1.0 0.0 0.0 0.0 0.0 0.0 0.0 0.0 0.0
012221110 1.0 0.0 0.0 0.0 0.0 0.0 0.0 0.0 0.0
012221101 1.0 0.0 0.0 0.0 0.0 0.0 0.0 0.0 0.0
012201121 1.0 0.0 0.0 0.0 0.0 0.0 0.0 0.0 0.0
012201112 1.0 0.0 0.0 0.0 0.0 0.0 0.0 0.0 0.0
012201010 1.0 0.0 0.0 0.0 0.0 0.0 0.0 0.0 0.0
012221011 1.0 0.0 0.0 0.0 0.0 0.0 0.0 0.0 0.0
012201211 1.0 0.0 0.0 0.0 0.0 0.0 0.0 0.0 0.0
012201001 0.0 0.0 0.0 0.0 0.0 0.0 0.0 1.0 0.0
012021100 0.0 0.0 0.0 0.0 0.0 0.0 0.0 1.0 0.0
012021121 1.0 0.0 0.0 0.0 0.0 0.0 0.0 0.0 0.0
012021112 1.0 0.0 0.0 0.0 0.0 0.0 0.0 0.0 0.0
012021010 1.0 0.0 0.0 0.0 0.0 0.0 0.0 0.0 0.0
012021001 1.0 0.0 0.0 0.0 0.0 0.0 0.0 0.0 0.0
012001210 0.0 0.0 0.0 0.0 0.0 0.0 0.0 0.0 1.0
012001201 0.0 0.0 0.0 0.0 0.0 0.0 0.0 1.0 0.0
012001120 1.0 0.0 0.0 0.0 0.0 0.0 0.0 0.0 0.0
012001021 1.0 0.0 0.0 0.0 0.0 0.0 0.0 0.0 0.0
012001102 1.0 0.0 0.0 0.0 0.0 0.0 0.0 0.0 0.0
012001012 1.0 0.0 0.0 0.0 0.0 0.0 0.0 0.0 0.0
012000100 1.0 0.0 0.0 0.0 0.0 0.0 0.0 0.0 0.0
012200110 1.0 0.0 0.0 0.0 0.0 0.0 0.0 0.0 0.0
012200101 1.0 0.0 0.0 0.0 0.0 0.0 0.0 0.0 0.0
012020110 1.0 0.0 0.0 0.0 0.0 0.0 0.0 0.0 0.0
012020101 1.0 0.0 0.0 0.0 0.0 0.0 0.0 0.0 0.0
012002110 1.0 0.0 0.0 0.0 0.0 0.0 0.0 0.0 0.0
012002101 1.0 0.0 0.0 0.0 0.0 0.0 0.0 0.0 0.0
012000121 0.0 0.0 0.0 1.0 0.0 0.0 0.0 0.0 0.0
012000112 1.0 0.0 0.0 0.0 0.0 0.0 0.0 0.0 0.0
012000010 1.0 0.0 0.0 0.0 0.0 0.0 0.0 0.0 0.0
012200011 1.0 0.0 0.0 0.0 0.0 0.0 0.0 0.0 0.0
012020011 1.0 0.0 0.0 0.0 0.0 0.0 0.0 0.0 0.0
012002011 1.0 0.0 0.0 0.0 0.0 0.0 0.0 0.0 0.0
012000211 0.0 0.0 0.0 0.0 0.0 1.0 0.0 0.0 0.0
012000001 1.0 0.0 0.0 0.0 0.0 0.0 0.0 0.0 0.0
011200000 0.0 0.0 0.0 0.0 0.0 1.0 0.0 0.0 0.0
011221000 0.0 0.0 0.0 0.0 0.0 0.0 1.0 0.0 0.0
011221210 0.0 0.0 0.0 0.0 0.0 0.0 0.0 0.0 1.0
011221120 1.0 0.0 0.0 0.0 0.0 0.0 0.0 0.0 0.0
011221102 0.0 0.0 0.0 0.0 0.0 0.0 0.0 1.0 0.0
011221012 0.0 0.0 0.0 0.0 0.0 0.0 1.0 0.0 0.0
011220100 0.0 0.0 0.0 0.0 0.0 0.0 0.0 1.0 0.0
011220121 1.0 0.0 0.0 0.0 0.0 0.0 0.0 0.0 0.0
011220112 1.0 0.0 0.0 0.0 0.0 0.0 0.0 0.0 0.0
011220010 1.0 0.0 0.0 0.0 0.0 0.0 0.0 0.0 0.0
011220211 1.0 0.0 0.0 0.0 0.0 0.0 0.0 0.0 0.0
011220001 0.0 0.0 0.0 0.0 0.0 0.0 0.0 1.0 0.0
011212000 1.0 0.0 0.0 0.0 0.0 0.0 0.0 0.0 0.0
011212201 0.0 0.0 0.0 0.0 0.0 0.0 0.0 1.0 0.0
011212021 1.0 0.0 0.0 0.0 0.0 0.0 0.0 0.0 0.0
011202100 1.0 0.0 0.0 0.0 0.0 0.0 0.0 0.0 0.0
011202121 1.0 0.0 0.0 0.0 0.0 0.0 0.0 0.0 0.0
011202112 1.0 0.0 0.0 0.0 0.0 0.0 0.0 0.0 0.0
011202010 0.0 0.0 0.0 0.0 0.0 0.0 0.0 0.0 1.0
011202211 1.0 0.0 0.0 0.0 0.0 0.0 0.0 0.0 0.0
011202001 0.0 0.0 0.0 0.0 0.0 0.0 0.0 1.0 0.0
011210200 0.0 0.0 0.0 0.0 0.0 1.0 0.0 0.0 0.0
011211220 1.0 0.0 0.0 0.0 0.0 0.0 0.0 0.0 0.0
011210221 0.0 0.0 0.0 0.0 0.0 1.0 0.0 0.0 0.0
011211202 1.0 0.0 0.0 0.0 0.0 0.0 0.0 0.0 0.0
011201200 0.0 0.0 0.0 0.0 1.0 0.0 0.0 0.0 0.0
011201212 0.0 0.0 0.0 0.0 1.0 0.0 0.0 0.0 0.0
011200210 0.0 0.0 0.0 0.0 0.0 0.0 0.0 0.0 1.0
011200201 0.0 0.0 0.0 0.0 0.0 0.0 0.0 1.0 0.0
011210020 1.0 0.0 0.0 0.0 0.0 0.0 0.0 0.0 0.0
011211022 1.0 0.0 0.0 0.0 0.0 0.0 0.0 0.0 0.0
011201020 1.0 0.0 0.0 0.0 0.0 0.0 0.0 0.0 0.0
011201122 1.0 0.0 0.0 0.0 0.0 0.0 0.0 0.0 0.0
011200120 1.0 0.0 0.0 0.0 0.0 0.0 0.0 0.0 0.0
011200021 1.0 0.0 0.0 0.0 0.0 0.0 0.0 0.0 0.0
011210002 1.0 0.0 0.0 0.0 0.0 0.0 0.0 0.0 0.0
011201002 0.0 0.0 0.0 0.0 1.0 0.0 0.0 0.0 0.0
011200102 1.0 0.0 0.0 0.0 0.0 0.0 0.0 0.0 0.0
011200012 0.0 0.0 0.0 0.0 0.0 1.0 0.0 0.0 0.0
010210000 1.0 0.0 0.0 0.0 0.0 0.0 0.0 0.0 0.0
010212100 1.0 0.0 0.0 0.0 0.0 0.0 0.0 0.0 0.0
010212121 1.0 0.0 0.0 0.0 0.0 0.0 0.0 0.0 0.0
010212001 1.0 0.0 0.0 0.0 0.0 0.0 0.0 0.0 0.0
010211200 0.0 0.0 1.0 0.0 0.0 0.0 0.0 0.0 0.0
010211221 0.0 0.0 1.0 0.0 0.0 0.0 0.0 0.0 0.0
010210201 0.0 0.0 1.0 0.0 0.0 0.0 0.0 0.0 0.0
010211020 1.0 0.0 0.0 0.0 0.0 0.0 0.0 0.0 0.0
010211122 1.0 0.0 0.0 0.0 0.0 0.0 0.0 0.0 0.0
010210120 1.0 0.0 0.0 0.0 0.0 0.0 0.0 0.0 0.0
010210021 1.0 0.0 0.0 0.0 0.0 0.0 0.0 0.0 0.0
010211002 1.0 0.0 0.0 0.0 0.0 0.0 0.0 0.0 0.0
010210102 1.0 0.0 0.0 0.0 0.0 0.0 0.0 0.0 0.0
010201000 1.0 0.0 0.0 0.0 0.0 0.0 0.0 0.0 0.0
010221100 1.0 0.0 0.0 0.0 0.0 0.0 0.0 0.0 0.0
010221121 1.0 0.0 0.0 0.0 0.0 0.0 0.0 0.0 0.0
010221112 1.0 0.0 0.0 0.0 0.0 0.0 0.0 0.0 0.0
010221010 1.0 0.0 0.0 0.0 0.0 0.0 0.0 0.0 0.0
010221211 1.0 0.0 0.0 0.0 0.0 0.0 0.0 0.0 0.0
010221001 1.0 0.0 0.0 0.0 0.0 0.0 0.0 0.0 0.0
010201210 0.0 0.0 0.0 0.0 0.0 0.0 0.0 0.0 1.0
010201201 0.0 0.0 0.0 0.0 0.0 0.0 0.0 1.0 0.0
010201120 1.0 0.0 0.0 0.0 0.0 0.0 0.0 0.0 0.0
010201021 1.0 0.0 0.0 0.0 0.0 0.0 0.0 0.0 0.0
010201102 1.0 0.0 0.0 0.0 0.0 0.0 0.0 0.0 0.0
010201012 0.0 0.0 1.0 0.0 0.0 0.0 0.0 0.0 0.0
010200100 1.0 0.0 0.0 0.0 0.0 0.0 0.0 0.0 0.0
010220110 1.0 0.0 0.0 0.0 0.0 0.0 0.0 0.0 0.0
010220101 1.0 0.0 0.0 0.0 0.0 0.0 0.0 0.0 0.0
010202110 1.0 0.0 0.0 0.0 0.0 0.0 0.0 0.0 0.0
010202101 1.0 0.0 0.0 0.0 0.0 0.0 0.0 0.0 0.0
010200121 1.0 0.0 0.0 0.0 0.0 0.0 0.0 0.0 0.0
010200112 1.0 0.0 0.0 0.0 0.0 0.0 0.0 0.0 0.0
010200010 0.0 0.0 1.0 0.0 0.0 0.0 0.0 0.0 0.0
010220011 1.0 0.0 0.0 0.0 0.0 0.0 0.0 0.0 0.0
010202011 0.0 0.0 1.0 0.0 0.0 0.0 0.0 0.0 0.0
010200211 1.0 0.0 0.0 0.0 0.0 0.0 0.0 0.0 0.0
010200001 1.0 0.0 0.0 0.0 0.0 0.0 0.0 0.0 0.0
011020000 0.0 0.0 0.0 0.0 0.0 1.0 0.0 0.0 0.0
011122000 0.0 0.0 0.0 0.0 0.0 0.0 1.0 0.0 0.0
011122210 0.0 0.0 0.0 0.0 0.0 0.0 0.0 0.0 1.0
011122201 0.0 0.0 0.0 0.0 0.0 0.0 0.0 1.0 0.0
011122120 0.0 0.0 0.0 0.0 0.0 0.0 0.0 0.0 1.0
011122021 0.0 0.0 0.0 0.0 0.0 0.0 1.0 0.0 0.0
011122102 0.0 0.0 0.0 0.0 0.0 0.0 0.0 1.0 0.0
011122012 0.0 0.0 0.0 0.0 0.0 0.0 1.0 0.0 0.0
011022100 0.0 0.0 0.0 0.0 0.0 0.0 0.0 1.0 0.0
011022121 1.0 0.0 0.0 0.0 0.0 0.0 0.0 0.0 0.0
011022112 1.0 0.0 0.0 0.0 0.0 0.0 0.0 0.0 0.0
011022010 0.0 0.0 0.0 0.0 0.0 0.0 1.0 0.0 0.0
011022211 1.0 0.0 0.0 0.0 0.0 0.0 0.0 0.0 0.0
011022001 0.0 0.0 0.0 0.0 0.0 0.0 1.0 0.0 0.0
011120200 1.0 0.0 0.0 0.0 0.0 0.0 0.0 0.0 0.0
011121220 1.0 0.0 0.0 0.0 0.0 0.0 0.0 0.0 0.0
011120221 1.0 0.0 0.0 0.0 0.0 0.0 0.0 0.0 0.0
011121202 1.0 0.0 0.0 0.0 0.0 0.0 0.0 0.0 0.0
011120212 0.0 0.0 0.0 0.0 0.0 1.0 0.0 0.0 0.0
011021200 0.0 0.0 0.0 1.0 0.0 0.0 0.0 0.0 0.0
011021212 0.0 0.0 0.0 1.0 0.0 0.0 0.0 0.0 0.0
011020210 0.0 0.0 0.0 0.0 0.0 1.0 0.0 0.0 0.0
011020201 0.0 0.0 0.0 0.0 0.0 1.0 0.0 0.0 0.0
011120020 1.0 0.0 0.0 0.0 0.0 0.0 0.0 0.0 0.0
011121022 1.0 0.0 0.0 0.0 0.0 0.0 0.0 0.0 0.0
011120122 0.0 0.0 0.0 0.0 0.0 1.0 0.0 0.0 0.0
011021020 1.0 0.0 0.0 0.0 0.0 0.0 0.0 0.0 0.0
011021122 0.0 0.0 0.0 1.0 0.0 0.0 0.0 0.0 0.0
011020120 0.0 0.0 0.0 1.0 0.0 0.0 0.0 0.0 0.0
011020021 1.0 0.0 0.0 0.0 0.0 0.0 0.0 0.0 0.0
011120002 0.0 0.0 0.0 0.0 0.0 1.0 0.0 0.0 0.0
011021002 0.0 0.0 0.0 1.0 0.0 0.0 0.0 0.0 0.0
011020102 0.0 0.0 0.0 0.0 0.0 0.0 0.0 1.0 0.0
011020012 0.0 0.0 0.0 0.0 0.0 0.0 1.0 0.0 0.0
010120000 0.0 0.0 0.0 0.0 0.0 1.0 0.0 0.0 0.0
010122100 0.0 0.0 1.0 0.0 0.0 0.0 0.0 0.0 0.0
010122121 0.0 0.0 1.0 0.0 0.0 0.0 0.0 0.0 0.0
010122112 1.0 0.0 0.0 0.0 0.0 0.0 0.0 0.0 0.0
010122010 0.0 0.0 0.0 0.0 0.0 0.0 1.0 0.0 0.0
010122211 1.0 0.0 0.0 0.0 0.0 0.0 0.0 0.0 0.0
010122001 0.0 0.0 1.0 0.0 0.0 0.0 0.0 0.0 0.0
010121200 1.0 0.0 0.0 0.0 0.0 0.0 0.0 0.0 0.0
010121221 1.0 0.0 0.0 0.0 0.0 0.0 0.0 0.0 0.0
010121212 1.0 0.0 0.0 0.0 0.0 0.0 0.0 0.0 0.0
010120210 0.0 0.0 0.0 0.0 0.0 1.0 0.0 0.0 0.0
010120201 0.0 0.0 0.0 0.0 0.0 1.0 0.0 0.0 0.0
010121020 1.0 0.0 0.0 0.0 0.0 0.0 0.0 0.0 0.0
010121122 0.0 0.0 1.0 0.0 0.0 0.0 0.0 0.0 0.0
010120120 0.0 0.0 1.0 0.0 0.0 0.0 0.0 0.0 0.0
010120021 1.0 0.0 0.0 0.0 0.0 0.0 0.0 0.0 0.0
010121002 1.0 0.0 0.0 0.0 0.0 0.0 0.0 0.0 0.0
010120102 0.0 0.0 0.0 0.0 0.0 0.0 0.0 1.0 0.0
010120012 1.0 0.0 0.0 0.0 0.0 0.0 0.0 0.0 0.0
010021000 0.0 0.0 0.0 0.0 0.0 0.0 0.0 1.0 0.0
010021210 1.0 0.0 0.0 0.0 0.0 0.0 0.0 0.0 0.0
010021201 0.0 0.0 0.0 0.0 0.0 0.0 0.0 1.0 0.0
010021120 1.0 0.0 0.0 0.0 0.0 0.0 0.0 0.0 0.0
010021021 1.0 0.0 0.0 0.0 0.0 0.0 0.0 0.0 0.0
010021102 0.0 0.0 0.0 0.0 0.0 0.0 0.0 1.0 0.0
010021012 1.0 0.0 0.0 0.0 0.0 0.0 0.0 0.0 0.0
010020100 0.0 0.0 1.0 0.0 0.0 0.0 0.0 0.0 0.0
010022110 1.0 0.0 0.0 0.0 0.0 0.0 0.0 0.0 0.0
010022101 0.0 0.0 1.0 0.0 0.0 0.0 0.0 0.0 0.0
010020121 1.0 0.0 0.0 0.0 0.0 0.0 0.0 0.0 0.0
010020112 1.0 0.0 0.0 0.0 0.0 0.0 0.0 0.0 0.0
010020010 1.0 0.0 0.0 0.0 0.0 0.0 0.0 0.0 0.0
010022011 1.0 0.0 0.0 0.0 0.0 0.0 0.0 0.0 0.0
010020211 1.0 0.0 0.0 0.0 0.0 0.0 0.0 0.0 0.0
010020001 1.0 0.0 0.0 0.0 0.0 0.0 0.0 0.0 0.0
011002000 0.0 0.0 0.0 1.0 0.0 0.0 0.0 0.0 0.0
011102200 1.0 0.0 0.0 0.0 0.0 0.0 0.0 0.0 0.0
011112220 1.0 0.0 0.0 0.0 0.0 0.0 0.0 0.0 0.0
011102221 0.0 0.0 0.0 0.0 1.0 0.0 0.0 0.0 0.0
011112202 1.0 0.0 0.0 0.0 0.0 0.0 0.0 0.0 0.0
011102212 1.0 0.0 0.0 0.0 0.0 0.0 0.0 0.0 0.0
011012200 0.0 0.0 0.0 1.0 0.0 0.0 0.0 0.0 0.0
011012221 0.0 0.0 0.0 1.0 0.0 0.0 0.0 0.0 0.0
011002210 0.0 0.0 0.0 0.0 1.0 0.0 0.0 0.0 0.0
011002201 0.0 0.0 0.0 0.0 1.0 0.0 0.0 0.0 0.0
011102020 1.0 0.0 0.0 0.0 0.0 0.0 0.0 0.0 0.0
011112022 1.0 0.0 0.0 0.0 0.0 0.0 0.0 0.0 0.0
011102122 1.0 0.0 0.0 0.0 0.0 0.0 0.0 0.0 0.0
011012020 1.0 0.0 0.0 0.0 0.0 0.0 0.0 0.0 0.0
011002120 1.0 0.0 0.0 0.0 0.0 0.0 0.0 0.0 0.0
011002021 0.0 0.0 0.0 1.0 0.0 0.0 0.0 0.0 0.0
011102002 1.0 0.0 0.0 0.0 0.0 0.0 0.0 0.0 0.0
011012002 1.0 0.0 0.0 0.0 0.0 0.0 0.0 0.0 0.0
011002102 1.0 0.0 0.0 0.0 0.0 0.0 0.0 0.0 0.0
011002012 1.0 0.0 0.0 0.0 0.0 0.0 0.0 0.0 0.0
010102000 1.0 0.0 0.0 0.0 0.0 0.0 0.0 0.0 0.0
010112200 1.0 0.0 0.0 0.0 0.0 0.0 0.0 0.0 0.0
010112221 0.0 0.0 1.0 0.0 0.0 0.0 0.0 0.0 0.0
010102210 1.0 0.0 0.0 0.0 0.0 0.0 0.0 0.0 0.0
010102201 0.0 0.0 1.0 0.0 0.0 0.0 0.0 0.0 0.0
010112020 1.0 0.0 0.0 0.0 0.0 0.0 0.0 0.0 0.0
010112122 1.0 0.0 0.0 0.0 0.0 0.0 0.0 0.0 0.0
010102120 1.0 0.0 0.0 0.0 0.0 0.0 0.0 0.0 0.0
010102021 0.0 0.0 1.0 0.0 0.0 0.0 0.0 0.0 0.0
010112002 1.0 0.0 0.0 0.0 0.0 0.0 0.0 0.0 0.0
010102102 0.0 0.0 0.0 0.0 0.0 0.0 0.0 1.0 0.0
010102012 0.0 0.0 0.0 0.0 0.0 0.0 1.0 0.0 0.0
010012000 1.0 0.0 0.0 0.0 0.0 0.0 0.0 0.0 0.0
010012201 0.0 0.0 1.0 0.0 0.0 0.0 0.0 0.0 0.0
010012120 1.0 0.0 0.0 0.0 0.0 0.0 0.0 0.0 0.0
010012021 1.0 0.0 0.0 0.0 0.0 0.0 0.0 0.0 0.0
010012102 1.0 0.0 0.0 0.0 0.0 0.0 0.0 0.0 0.0
010002100 1.0 0.0 0.0 0.0 0.0 0.0 0.0 0.0 0.0
010002121 1.0 0.0 0.0 0.0 0.0 0.0 0.0 0.0 0.0
010002112 1.0 0.0 0.0 0.0 0.0 0.0 0.0 0.0 0.0
010002010 1.0 0.0 0.0 0.0 0.0 0.0 0.0 0.0 0.0
010002211 0.0 0.0 1.0 0.0 0.0 0.0 0.0 0.0 0.0
010002001 0.0 0.0 1.0 0.0 0.0 0.0 0.0 0.0 0.0
011000200 0.0 0.0 0.0 1.0 0.0 0.0 0.0 0.0 0.0
011100220 0.0 0.0 0.0 0.0 1.0 0.0 0.0 0.0 0.0
011010220 0.0 0.0 0.0 0.0 0.0 1.0 0.0 0.0 0.0
011001220 0.0 0.0 0.0 0.0 1.0 0.0 0.0 0.0 0.0
011000221 0.0 0.0 0.0 1.0 0.0 0.0 0.0 0.0 0.0
011100202 0.0 0.0 0.0 0.0 0.0 1.0 0.0 0.0 0.0
011010202 0.0 0.0 0.0 0.0 0.0 1.0 0.0 0.0 0.0
011001202 1.0 0.0 0.0 0.0 0.0 0.0 0.0 0.0 0.0
011000212 0.0 0.0 0.0 1.0 0.0 0.0 0.0 0.0 0.0
010100200 1.0 0.0 0.0 0.0 0.0 0.0 0.0 0.0 0.0
010110220 0.0 0.0 1.0 0.0 0.0 0.0 0.0 0.0 0.0
010101220 1.0 0.0 0.0 0.0 0.0 0.0 0.0 0.0 0.0
010100221 1.0 0.0 0.0 0.0 0.0 0.0 0.0 0.0 0.0
010110202 1.0 0.0 0.0 0.0 0.0 0.0 0.0 0.0 0.0
010101202 1.0 0.0 0.0 0.0 0.0 0.0 0.0 0.0 0.0
010100212 1.0 0.0 0.0 0.0 0.0 0.0 0.0 0.0 0.0
010010200 0.0 0.0 1.0 0.0 0.0 0.0 0.0 0.0 0.0
010011220 0.0 0.0 1.0 0.0 0.0 0.0 0.0 0.0 0.0
010010221 0.0 0.0 1.0 0.0 0.0 0.0 0.0 0.0 0.0
010011202 0.0 0.0 1.0 0.0 0.0 0.0 0.0 0.0 0.0
010001200 0.0 0.0 1.0 0.0 0.0 0.0 0.0 0.0 0.0
010001221 1.0 0.0 0.0 0.0 0.0 0.0 0.0 0.0 0.0
010001212 0.0 0.0 1.0 0.0 0.0 0.0 0.0 0.0 0.0
010000210 0.0 0.0 1.0 0.0 0.0 0.0 0.0 0.0 0.0
010000201 0.0 0.0 1.0 0.0 0.0 0.0 0.0 0.0 0.0
011000020 1.0 0.0 0.0 0.0 0.0 0.0 0.0 0.0 0.0
011100022 0.0 0.0 0.0 0.0 0.0 1.0 0.0 0.0 0.0
011010022 1.0 0.0 0.0 0.0 0.0 0.0 0.0 0.0 0.0
011001022 0.0 0.0 0.0 1.0 0.0 0.0 0.0 0.0 0.0
011000122 1.0 0.0 0.0 0.0 0.0 0.0 0.0 0.0 0.0
010100020 1.0 0.0 0.0 0.0 0.0 0.0 0.0 0.0 0.0
010110022 1.0 0.0 0.0 0.0 0.0 0.0 0.0 0.0 0.0
010101022 0.0 0.0 1.0 0.0 0.0 0.0 0.0 0.0 0.0
010100122 1.0 0.0 0.0 0.0 0.0 0.0 0.0 0.0 0.0
010010020 1.0 0.0 0.0 0.0 0.0 0.0 0.0 0.0 0.0
010011022 1.0 0.0 0.0 0.0 0.0 0.0 0.0 0.0 0.0
010010122 1.0 0.0 0.0 0.0 0.0 0.0 0.0 0.0 0.0
010001020 1.0 0.0 0.0 0.0 0.0 0.0 0.0 0.0 0.0
010001122 1.0 0.0 0.0 0.0 0.0 0.0 0.0 0.0 0.0
010000120 1.0 0.0 0.0 0.0 0.0 0.0 0.0 0.0 0.0
010000021 1.0 0.0 0.0 0.0 0.0 0.0 0.0 0.0 0.0
011000002 0.0 0.0 0.0 1.0 0.0 0.0 0.0 0.0 0.0
010100002 1.0 0.0 0.0 0.0 0.0 0.0 0.0 0.0 0.0
010010002 1.0 0.0 0.0 0.0 0.0 0.0 0.0 0.0 0.0
010001002 0.0 0.0 1.0 0.0 0.0 0.0 0.0 0.0 0.0
010000102 1.0 0.0 0.0 0.0 0.0 0.0 0.0 0.0 0.0
010000012 1.0 0.0 0.0 0.0 0.0 0.0 0.0 0.0 0.0
001000000 1.0 0.0 0.0 0.0 0.0 0.0 0.0 0.0 0.0
201100000 0.0 1.0 0.0 0.0 0.0 0.0 0.0 0.0 0.0
221110000 0.0 0.0 0.0 0.0 0.0 1.0 0.0 0.0 0.0
221112010 0.0 0.0 0.0 0.0 0.0 0.0 0.0 0.0 1.0
221112001 0.0 0.0 0.0 0.0 0.0 0.0 0.0 1.0 0.0
221110210 0.0 0.0 0.0 0.0 0.0 0.0 0.0 0.0 1.0
221110201 0.0 0.0 0.0 0.0 0.0 0.0 0.0 1.0 0.0
221110021 0.0 0.0 0.0 0.0 0.0 1.0 0.0 0.0 0.0
221110012 0.0 0.0 0.0 0.0 0.0 1.0 0.0 0.0 0.0
221101000 0.0 0.0 0.0 0.0 0.0 0.0 1.0 0.0 0.0
221121100 0.0 0.0 0.0 0.0 0.0 0.0 0.0 1.0 0.0
221121010 0.0 0.0 0.0 0.0 0.0 0.0 1.0 0.0 0.0
221101210 0.0 0.0 0.0 0.0 1.0 0.0 0.0 0.0 0.0
221101120 0.0 0.0 0.0 0.0 0.0 0.0 0.0 0.0 1.0
221101102 0.0 0.0 0.0 0.0 0.0 0.0 0.0 1.0 0.0
221101012 0.0 0.0 0.0 0.0 0.0 0.0 1.0 0.0 0.0
221100100 0.0 0.0 0.0 0.0 0.0 1.0 0.0 0.0 0.0
221120110 0.0 0.0 0.0 0.0 0.0 1.0 0.0 0.0 0.0
221120101 0.0 0.0 0.0 0.0 0.0 1.0 0.0 0.0 0.0
221102110 0.0 0.0 0.0 0.0 1.0 0.0 0.0 0.0 0.0
221102101 0.0 0.0 0.0 0.0 1.0 0.0 0.0 0.0 0.0
221100121 0.0 0.0 0.0 0.0 0.0 1.0 0.0 0.0 0.0
221100112 0.0 0.0 0.0 0.0 0.0 1.0 0.0 0.0 0.0
221100010 0.0 0.0 0.0 0.0 1.0 0.0 0.0 0.0 0.0
221120011 0.0 0.0 0.0 0.0 0.0 1.0 0.0 0.0 0.0
221102011 0.0 0.0 0.0 0.0 1.0 0.0 0.0 0.0 0.0
221100211 0.0 0.0 0.0 0.0 1.0 0.0 0.0 0.0 0.0
221100001 0.0 0.0 0.0 0.0 1.0 0.0 0.0 0.0 0.0
201121000 0.0 0.0 0.0 0.0 0.0 0.0 1.0 0.0 0.0
201121210 0.0 1.0 0.0 0.0 0.0 0.0 0.0 0.0 0.0
201121120 0.0 1.0 0.0 0.0 0.0 0.0 0.0 0.0 0.0
201120100 0.0 1.0 0.0 0.0 0.0 0.0 0.0 0.0 0.0
201122110 0.0 1.0 0.0 0.0 0.0 0.0 0.0 0.0 0.0
201122101 0.0 1.0 0.0 0.0 0.0 0.0 0.0 0.0 0.0
201120121 0.0 1.0 0.0 0.0 0.0 0.0 0.0 0.0 0.0
201120010 0.0 1.0 0.0 0.0 0.0 0.0 0.0 0.0 0.0
201122011 0.0 1.0 0.0 0.0 0.0 0.0 0.0 0.0 0.0
201120211 0.0 1.0 0.0 0.0 0.0 0.0 0.0 0.0 0.0
201120001 0.0 1.0 0.0 0.0 0.0 0.0 0.0 0.0 0.0
201112000 0.0 1.0 0.0 0.0 0.0 0.0 0.0 0.0 0.0
201112210 0.0 0.0 0.0 0.0 0.0 0.0 0.0 0.0 1.0
201112201 0.0 1.0 0.0 0.0 0.0 0.0 0.0 0.0 0.0
201112021 0.0 1.0 0.0 0.0 0.0 0.0 0.0 0.0 0.0
201112012 0.0 1.0 0.0 0.0 0.0 0.0 0.0 0.0 0.0
201102100 0.0 1.0 0.0 0.0 0.0 0.0 0.0 0.0 0.0
201102121 0.0 1.0 0.0 0.0 0.0 0.0 0.0 0.0 0.0
201102112 0.0 1.0 0.0 0.0 0.0 0.0 0.0 0.0 0.0
201102010 0.0 1.0 0.0 0.0 0.0 0.0 0.0 0.0 0.0
201102211 0.0 1.0 0.0 0.0 0.0 0.0 0.0 0.0 0.0
201102001 0.0 1.0 0.0 0.0 0.0 0.0 0.0 0.0 0.0
201110200 0.0 1.0 0.0 0.0 0.0 0.0 0.0 0.0 0.0
201110221 0.0 1.0 0.0 0.0 0.0 0.0 0.0 0.0 0.0
201110212 0.0 1.0 0.0 0.0 0.0 0.0 0.0 0.0 0.0
201101200 0.0 1.0 0.0 0.0 0.0 0.0 0.0 0.0 0.0
201101212 0.0 1.0 0.0 0.0 0.0 0.0 0.0 0.0 0.0
201100210 0.0 1.0 0.0 0.0 0.0 0.0 0.0 0.0 0.0
201100201 0.0 1.0 0.0 0.0 0.0 0.0 0.0 0.0 0.0
201110020 0.0 1.0 0.0 0.0 0.0 0.0 0.0 0.0 0.0
201101020 0.0 1.0 0.0 0.0 0.0 0.0 0.0 0.0 0.0
201101122 0.0 1.0 0.0 0.0 0.0 0.0 0.0 0.0 0.0
201100120 0.0 1.0 0.0 0.0 0.0 0.0 0.0 0.0 0.0
201100021 0.0 1.0 0.0 0.0 0.0 0.0 0.0 0.0 0.0
201110002 0.0 1.0 0.0 0.0 0.0 0.0 0.0 0.0 0.0
201101002 0.0 1.0 0.0 0.0 0.0 0.0 0.0 0.0 0.0
201100102 0.0 1.0 0.0 0.0 0.0 0.0 0.0 0.0 0.0
201100012 0.0 1.0 0.0 0.0 0.0 0.0 0.0 0.0 0.0
201010000 0.0 1.0 0.0 0.0 0.0 0.0 0.0 0.0 0.0
221011000 0.0 0.0 0.0 1.0 0.0 0.0 0.0 0.0 0.0
221211010 0.0 0.0 0.0 0.0 0.0 0.0 0.0 0.0 1.0
221011210 0.0 0.0 0.0 0.0 0.0 0.0 0.0 0.0 1.0
221011012 0.0 0.0 0.0 1.0 0.0 0.0 0.0 0.0 0.0
221010010 0.0 0.0 0.0 1.0 0.0 0.0 0.0 0.0 0.0
221210011 0.0 0.0 0.0 0.0 0.0 1.0 0.0 0.0 0.0
221012011 0.0 0.0 0.0 1.0 0.0 0.0 0.0 0.0 0.0
221010211 0.0 0.0 0.0 1.0 0.0 0.0 0.0 0.0 0.0
221010001 0.0 0.0 0.0 1.0 0.0 0.0 0.0 0.0 0.0
201211000 0.0 1.0 0.0 0.0 0.0 0.0 0.0 0.0 0.0
201211012 0.0 1.0 0.0 0.0 0.0 0.0 0.0 0.0 0.0
201210010 0.0 1.0 0.0 0.0 0.0 0.0 0.0 0.0 0.0
201212011 0.0 1.0 0.0 0.0 0.0 0.0 0.0 0.0 0.0
201210001 0.0 1.0 0.0 0.0 0.0 0.0 0.0 0.0 0.0
201012010 0.0 1.0 0.0 0.0 0.0 0.0 0.0 0.0 0.0
201012211 0.0 1.0 0.0 0.0 0.0 0.0 0.0 0.0 0.0
201012001 0.0 1.0 0.0 0.0 0.0 0.0 0.0 0.0 0.0
201011200 0.0 1.0 0.0 0.0 0.0 0.0 0.0 0.0 0.0
201011212 0.0 1.0 0.0 0.0 0.0 0.0 0.0 0.0 0.0
201010210 0.0 0.0 0.0 0.0 0.0 1.0 0.0 0.0 0.0
201010201 0.0 1.0 0.0 0.0 0.0 0.0 0.0 0.0 0.0
201011020 0.0 1.0 0.0 0.0 0.0 0.0 0.0 0.0 0.0
201010021 0.0 1.0 0.0 0.0 0.0 0.0 0.0 0.0 0.0
201011002 0.0 1.0 0.0 0.0 0.0 0.0 0.0 0.0 0.0
201010012 0.0 1.0 0.0 0.0 0.0 0.0 0.0 0.0 0.0
201001000 0.0 1.0 0.0 0.0 0.0 0.0 0.0 0.0 0.0
221001100 0.0 0.0 0.0 1.0 0.0 0.0 0.0 0.0 0.0
221201110 0.0 0.0 0.0 0.0 1.0 0.0 0.0 0.0 0.0
221021110 0.0 0.0 0.0 1.0 0.0 0.0 0.0 0.0 0.0
221001112 0.0 0.0 0.0 1.0 0.0 0.0 0.0 0.0 0.0
221001010 0.0 0.0 0.0 1.0 0.0 0.0 0.0 0.0 0.0
201201100 0.0 1.0 0.0 0.0 0.0 0.0 0.0 0.0 0.0
201221110 0.0 1.0 0.0 0.0 0.0 0.0 0.0 0.0 0.0
201201112 0.0 1.0 0.0 0.0 0.0 0.0 0.0 0.0 0.0
201201010 0.0 1.0 0.0 0.0 0.0 0.0 0.0 0.0 0.0
201021100 0.0 0.0 0.0 1.0 0.0 0.0 0.0 0.0 0.0
201021010 0.0 1.0 0.0 0.0 0.0 0.0 0.0 0.0 0.0
201001210 0.0 1.0 0.0 0.0 0.0 0.0 0.0 0.0 0.0
201001120 0.0 1.0 0.0 0.0 0.0 0.0 0.0 0.0 0.0
201001102 0.0 1.0 0.0 0.0 0.0 0.0 0.0 0.0 0.0
201001012 0.0 1.0 0.0 0.0 0.0 0.0 0.0 0.0 0.0
201000100 0.0 1.0 0.0 0.0 0.0 0.0 0.0 0.0 0.0
221000110 0.0 0.0 0.0 1.0 0.0 0.0 0.0 0.0 0.0
221000101 0.0 0.0 0.0 1.0 0.0 0.0 0.0 0.0 0.0
201200110 0.0 1.0 0.0 0.0 0.0 0.0 0.0 0.0 0.0
201200101 0.0 1.0 0.0 0.0 0.0 0.0 0.0 0.0 0.0
201020110 0.0 1.0 0.0 0.0 0.0 0.0 0.0 0.0 0.0
201020101 0.0 1.0 0.0 0.0 0.0 0.0 0.0 0.0 0.0
201002110 0.0 1.0 0.0 0.0 0.0 0.0 0.0 0.0 0.0
201002101 0.0 1.0 0.0 0.0 0.0 0.0 0.0 0.0 0.0
201000121 0.0 1.0 0.0 0.0 0.0 0.0 0.0 0.0 0.0
201000112 0.0 1.0 0.0 0.0 0.0 0.0 0.0 0.0 0.0
201000010 0.0 1.0 0.0 0.0 0.0 0.0 0.0 0.0 0.0
221000011 0.0 0.0 0.0 1.0 0.0 0.0 0.0 0.0 0.0
201200011 0.0 1.0 0.0 0.0 0.0 0.0 0.0 0.0 0.0
201020011 0.0 1.0 0.0 0.0 0.0 0.0 0.0 0.0 0.0
201002011 0.0 1.0 0.0 0.0 0.0 0.0 0.0 0.0 0.0
201000211 0.0 1.0 0.0 0.0 0.0 0.0 0.0 0.0 0.0
201000001 0.0 1.0 0.0 0.0 0.0 0.0 0.0 0.0 0.0
021100000 1.0 0.0 0.0 0.0 0.0 0.0 0.0 0.0 0.0
021121000 1.0 0.0 0.0 0.0 0.0 0.0 0.0 0.0 0.0
021121210 1.0 0.0 0.0 0.0 0.0 0.0 0.0 0.0 0.0
021121102 1.0 0.0 0.0 0.0 0.0 0.0 0.0 0.0 0.0
021121012 1.0 0.0 0.0 0.0 0.0 0.0 0.0 0.0 0.0
021120100 0.0 0.0 0.0 0.0 0.0 1.0 0.0 0.0 0.0
021122110 1.0 0.0 0.0 0.0 0.0 0.0 0.0 0.0 0.0
021122101 1.0 0.0 0.0 0.0 0.0 0.0 0.0 0.0 0.0
021120112 0.0 0.0 0.0 0.0 0.0 1.0 0.0 0.0 0.0
021120010 1.0 0.0 0.0 0.0 0.0 0.0 0.0 0.0 0.0
021122011 1.0 0.0 0.0 0.0 0.0 0.0 0.0 0.0 0.0
021120211 1.0 0.0 0.0 0.0 0.0 0.0 0.0 0.0 0.0
021120001 1.0 0.0 0.0 0.0 0.0 0.0 0.0 0.0 0.0
021112000 1.0 0.0 0.0 0.0 0.0 0.0 0.0 0.0 0.0
021112210 1.0 0.0 0.0 0.0 0.0 0.0 0.0 0.0 0.0
021112201 0.0 0.0 0.0 0.0 0.0 0.0 0.0 1.0 0.0
021112021 1.0 0.0 0.0 0.0 0.0 0.0 0.0 0.0 0.0
021112012 1.0 0.0 0.0 0.0 0.0 0.0 0.0 0.0 0.0
021102100 1.0 0.0 0.0 0.0 0.0 0.0 0.0 0.0 0.0
021102121 1.0 0.0 0.0 0.0 0.0 0.0 0.0 0.0 0.0
021102112 1.0 0.0 0.0 0.0 0.0 0.0 0.0 0.0 0.0
021102010 1.0 0.0 0.0 0.0 0.0 0.0 0.0 0.0 0.0
021102211 1.0 0.0 0.0 0.0 0.0 0.0 0.0 0.0 0.0
021102001 1.0 0.0 0.0 0.0 0.0 0.0 0.0 0.0 0.0
021110200 1.0 0.0 0.0 0.0 0.0 0.0 0.0 0.0 0.0
021110221 1.0 0.0 0.0 0.0 0.0 0.0 0.0 0.0 0.0
021110212 1.0 0.0 0.0 0.0 0.0 0.0 0.0 0.0 0.0
021101200 1.0 0.0 0.0 0.0 0.0 0.0 0.0 0.0 0.0
021101212 1.0 0.0 0.0 0.0 0.0 0.0 0.0 0.0 0.0
021100210 1.0 0.0 0.0 0.0 0.0 0.0 0.0 0.0 0.0
021100201 1.0 0.0 0.0 0.0 0.0 0.0 0.0 0.0 0.0
021110020 1.0 0.0 0.0 0.0 0.0 0.0 0.0 0.0 0.0
021101020 1.0 0.0 0.0 0.0 0.0 0.0 0.0 0.0 0.0
021101122 1.0 0.0 0.0 0.0 0.0 0.0 0.0 0.0 0.0
021100120 1.0 0.0 0.0 0.0 0.0 0.0 0.0 0.0 0.0
021100021 1.0 0.0 0.0 0.0 0.0 0.0 0.0 0.0 0.0
021110002 1.0 0.0 0.0 0.0 0.0 0.0 0.0 0.0 0.0
021101002 1.0 0.0 0.0 0.0 0.0 0.0 0.0 0.0 0.0
021100102 1.0 0.0 0.0 0.0 0.0 0.0 0.0 0.0 0.0
021100012 1.0 0.0 0.0 0.0 0.0 0.0 0.0 0.0 0.0
021010000 1.0 0.0 0.0 0.0 0.0 0.0 0.0 0.0 0.0
021211000 1.0 0.0 0.0 0.0 0.0 0.0 0.0 0.0 0.0
021211210 1.0 0.0 0.0 0.0 0.0 0.0 0.0 0.0 0.0
021211012 1.0 0.0 0.0 0.0 0.0 0.0 0.0 0.0 0.0
021210010 1.0 0.0 0.0 0.0 0.0 0.0 0.0 0.0 0.0
021212011 1.0 0.0 0.0 0.0 0.0 0.0 0.0 0.0 0.0
021210211 0.0 0.0 0.0 0.0 0.0 1.0 0.0 0.0 0.0
021210001 1.0 0.0 0.0 0.0 0.0 0.0 0.0 0.0 0.0
021012010 1.0 0.0 0.0 0.0 0.0 0.0 0.0 0.0 0.0
021012211 0.0 0.0 0.0 1.0 0.0 0.0 0.0 0.0 0.0
021012001 1.0 0.0 0.0 0.0 0.0 0.0 0.0 0.0 0.0
021011200 1.0 0.0 0.0 0.0 0.0 0.0 0.0 0.0 0.0
021011212 1.0 0.0 0.0 0.0 0.0 0.0 0.0 0.0 0.0
021010210 0.0 0.0 0.0 0.0 0.0 1.0 0.0 0.0 0.0
021010201 0.0 0.0 0.0 1.0 0.0 0.0 0.0 0.0 0.0
021011020 1.0 0.0 0.0 0.0 0.0 0.0 0.0 0.0 0.0
021010021 1.0 0.0 0.0 0.0 0.0 0.0 0.0 0.0 0.0
021011002 1.0 0.0 0.0 0.0 0.0 0.0 0.0 0.0 0.0
021010012 1.0 0.0 0.0 0.0 0.0 0.0 0.0 0.0 0.0
021001000 1.0 0.0 0.0 0.0 0.0 0.0 0.0 0.0 0.0
021201100 1.0 0.0 0.0 0.0 0.0 0.0 0.0 0.0 0.0
021221110 1.0 0.0 0.0 0.0 0.0 0.0 0.0 0.0 0.0
021201112 1.0 0.0 0.0 0.0 0.0 0.0 0.0 0.0 0.0
021201010 1.0 0.0 0.0 0.0 0.0 0.0 0.0 0.0 0.0
021021100 1.0 0.0 0.0 0.0 0.0 0.0 0.0 0.0 0.0
021021112 1.0 0.0 0.0 0.0 0.0 0.0 0.0 0.0 0.0
021021010 1.0 0.0 0.0 0.0 0.0 0.0 0.0 0.0 0.0
021001210 1.0 0.0 0.0 0.0 0.0 0.0 0.0 0.0 0.0
021001120 1.0 0.0 0.0 0.0 0.0 0.0 0.0 0.0 0.0
021001102 1.0 0.0 0.0 0.0 0.0 0.0 0.0 0.0 0.0
021001012 1.0 0.0 0.0 0.0 0.0 0.0 0.0 0.0 0.0
021000100 1.0 0.0 0.0 0.0 0.0 0.0 0.0 0.0 0.0
021200110 1.0 0.0 0.0 0.0 0.0 0.0 0.0 0.0 0.0
021200101 1.0 0.0 0.0 0.0 0.0 0.0 0.0 0.0 0.0
021020110 1.0 0.0 0.0 0.0 0.0 0.0 0.0 0.0 0.0
021020101 1.0 0.0 0.0 0.0 0.0 0.0 0.0 0.0 0.0
021002110 1.0 0.0 0.0 0.0 0.0 0.0 0.0 0.0 0.0
021002101 1.0 0.0 0.0 0.0 0.0 0.0 0.0 0.0 0.0
021000121 1.0 0.0 0.0 0.0 0.0 0.0 0.0 0.0 0.0
021000112 1.0 0.0 0.0 0.0 0.0 0.0 0.0 0.0 0.0
021000010 1.0 0.0 0.0 0.0 0.0 0.0 0.0 0.0 0.0
021200011 1.0 0.0 0.0 0.0 0.0 0.0 0.0 0.0 0.0
021020011 1.0 0.0 0.0 0.0 0.0 0.0 0.0 0.0 0.0
021002011 1.0 0.0 0.0 0.0 0.0 0.0 0.0 0.0 0.0
021000211 0.0 0.0 0.0 1.0 0.0 0.0 0.0 0.0 0.0
021000001 1.0 0.0 0.0 0.0 0.0 0.0 0.0 0.0 0.0
001210000 1.0 0.0 0.0 0.0 0.0 0.0 0.0 0.0 0.0
001212010 1.0 0.0 0.0 0.0 0.0 0.0 0.0 0.0 0.0
001212211 0.0 1.0 0.0 0.0 0.0 0.0 0.0 0.0 0.0
001212001 1.0 0.0 0.0 0.0 0.0 0.0 0.0 0.0 0.0
001211200 1.0 0.0 0.0 0.0 0.0 0.0 0.0 0.0 0.0
001211212 1.0 0.0 0.0 0.0 0.0 0.0 0.0 0.0 0.0
001210210 0.0 0.0 0.0 0.0 0.0 1.0 0.0 0.0 0.0
001210201 0.0 1.0 0.0 0.0 0.0 0.0 0.0 0.0 0.0
001211020 1.0 0.0 0.0 0.0 0.0 0.0 0.0 0.0 0.0
001210021 1.0 0.0 0.0 0.0 0.0 0.0 0.0 0.0 0.0
001211002 1.0 0.0 0.0 0.0 0.0 0.0 0.0 0.0 0.0
001210012 1.0 0.0 0.0 0.0 0.0 0.0 0.0 0.0 0.0
001201000 1.0 0.0 0.0 0.0 0.0 0.0 0.0 0.0 0.0
001221100 1.0 0.0 0.0 0.0 0.0 0.0 0.0 0.0 0.0
001221112 1.0 0.0 0.0 0.0 0.0 0.0 0.0 0.0 0.0
001221010 0.0 1.0 0.0 0.0 0.0 0.0 0.0 0.0 0.0
001201210 0.0 0.0 0.0 0.0 1.0 0.0 0.0 0.0 0.0
001201120 1.0 0.0 0.0 0.0 0.0 0.0 0.0 0.0 0.0
001201102 1.0 0.0 0.0 0.0 0.0 0.0 0.0 0.0 0.0
001201012 1.0 0.0 0.0 0.0 0.0 0.0 0.0 0.0 0.0
001200100 1.0 0.0 0.0 0.0 0.0 0.0 0.0 0.0 0.0
001220110 1.0 0.0 0.0 0.0 0.0 0.0 0.0 0.0 0.0
001220101 1.0 0.0 0.0 0.0 0.0 0.0 0.0 0.0 0.0
001202110 1.0 0.0 0.0 0.0 0.0 0.0 0.0 0.0 0.0
001202101 1.0 0.0 0.0 0.0 0.0 0.0 0.0 0.0 0.0
001200121 1.0 0.0 0.0 0.0 0.0 0.0 0.0 0.0 0.0
001200112 1.0 0.0 0.0 0.0 0.0 0.0 0.0 0.0 0.0
001200010 0.0 1.0 0.0 0.0 0.0 0.0 0.0 0.0 0.0
001220011 0.0 1.0 0.0 0.0 0.0 0.0 0.0 0.0 0.0
001202011 0.0 1.0 0.0 0.0 0.0 0.0 0.0 0.0 0.0
001200211 0.0 1.0 0.0 0.0 0.0 0.0 0.0 0.0 0.0
001200001 1.0 0.0 0.0 0.0 0.0 0.0 0.0 0.0 0.0
001120000 0.0 0.0 0.0 0.0 0.0 1.0 0.0 0.0 0.0
001122100 0.0 1.0 0.0 0.0 0.0 0.0 0.0 0.0 0.0
001122121 1.0 0.0 0.0 0.0 0.0 0.0 0.0 0.0 0.0
001122112 0.0 1.0 0.0 0.0 0.0 0.0 0.0 0.0 0.0
001122010 0.0 1.0 0.0 0.0 0.0 0.0 0.0 0.0 0.0
001122211 1.0 0.0 0.0 0.0 0.0 0.0 0.0 0.0 0.0
001122001 0.0 0.0 0.0 0.0 0.0 0.0 1.0 0.0 0.0
001121200 1.0 0.0 0.0 0.0 0.0 0.0 0.0 0.0 0.0
001121212 1.0 0.0 0.0 0.0 0.0 0.0 0.0 0.0 0.0
001120210 0.0 0.0 0.0 0.0 0.0 1.0 0.0 0.0 0.0
001120201 1.0 0.0 0.0 0.0 0.0 0.0 0.0 0.0 0.0
001121020 1.0 0.0 0.0 0.0 0.0 0.0 0.0 0.0 0.0
001121122 1.0 0.0 0.0 0.0 0.0 0.0 0.0 0.0 0.0
001120120 0.0 0.0 0.0 0.0 0.0 1.0 0.0 0.0 0.0
001120021 0.0 0.0 0.0 0.0 0.0 1.0 0.0 0.0 0.0
001121002 1.0 0.0 0.0 0.0 0.0 0.0 0.0 0.0 0.0
001120102 0.0 0.0 0.0 0.0 0.0 1.0 0.0 0.0 0.0
001120012 0.0 0.0 0.0 0.0 0.0 1.0 0.0 0.0 0.0
001021000 1.0 0.0 0.0 0.0 0.0 0.0 0.0 0.0 0.0
001021210 0.0 1.0 0.0 0.0 0.0 0.0 0.0 0.0 0.0
001021120 0.0 0.0 0.0 1.0 0.0 0.0 0.0 0.0 0.0
001021102 1.0 0.0 0.0 0.0 0.0 0.0 0.0 0.0 0.0
001021012 1.0 0.0 0.0 0.0 0.0 0.0 0.0 0.0 0.0
001020100 1.0 0.0 0.0 0.0 0.0 0.0 0.0 0.0 0.0
001022110 0.0 1.0 0.0 0.0 0.0 0.0 0.0 0.0 0.0
001022101 1.0 0.0 0.0 0.0 0.0 0.0 0.0 0.0 0.0
001020121 1.0 0.0 0.0 0.0 0.0 0.0 0.0 0.0 0.0
001020112 1.0 0.0 0.0 0.0 0.0 0.0 0.0 0.0 0.0
001020010 0.0 1.0 0.0 0.0 0.0 0.0 0.0 0.0 0.0
001022011 1.0 0.0 0.0 0.0 0.0 0.0 0.0 0.0 0.0
001020211 0.0 1.0 0.0 0.0 0.0 0.0 0.0 0.0 0.0
001020001 1.0 0.0 0.0 0.0 0.0 0.0 0.0 0.0 0.0
001102000 1.0 0.0 0.0 0.0 0.0 0.0 0.0 0.0 0.0
001112200 1.0 0.0 0.0 0.0 0.0 0.0 0.0 0.0 0.0
001112221 0.0 1.0 0.0 0.0 0.0 0.0 0.0 0.0 0.0
001112212 1.0 0.0 0.0 0.0 0.0 0.0 0.0 0.0 0.0
001102210 1.0 0.0 0.0 0.0 0.0 0.0 0.0 0.0 0.0
001102201 0.0 1.0 0.0 0.0 0.0 0.0 0.0 0.0 0.0
001112020 1.0 0.0 0.0 0.0 0.0 0.0 0.0 0.0 0.0
001102120 1.0 0.0 0.0 0.0 0.0 0.0 0.0 0.0 0.0
001102021 0.0 1.0 0.0 0.0 0.0 0.0 0.0 0.0 0.0
001112002 1.0 0.0 0.0 0.0 0.0 0.0 0.0 0.0 0.0
001102102 1.0 0.0 0.0 0.0 0.0 0.0 0.0 0.0 0.0
001102012 1.0 0.0 0.0 0.0 0.0 0.0 0.0 0.0 0.0
001012000 1.0 0.0 0.0 0.0 0.0 0.0 0.0 0.0 0.0
001012210 1.0 0.0 0.0 0.0 0.0 0.0 0.0 0.0 0.0
001012201 0.0 1.0 0.0 0.0 0.0 0.0 0.0 0.0 0.0
001012021 1.0 0.0 0.0 0.0 0.0 0.0 0.0 0.0 0.0
001012012 1.0 0.0 0.0 0.0 0.0 0.0 0.0 0.0 0.0
001002100 1.0 0.0 0.0 0.0 0.0 0.0 0.0 0.0 0.0
001002121 1.0 0.0 0.0 0.0 0.0 0.0 0.0 0.0 0.0
001002112 1.0 0.0 0.0 0.0 0.0 0.0 0.0 0.0 0.0
001002010 1.0 0.0 0.0 0.0 0.0 0.0 0.0 0.0 0.0
001002211 0.0 1.0 0.0 0.0 0.0 0.0 0.0 0.0 0.0
001002001 0.0 1.0 0.0 0.0 0.0 0.0 0.0 0.0 0.0
001100200 1.0 0.0 0.0 0.0 0.0 0.0 0.0 0.0 0.0
001110220 0.0 1.0 0.0 0.0 0.0 0.0 0.0 0.0 0.0
001101220 1.0 0.0 0.0 0.0 0.0 0.0 0.0 0.0 0.0
001100221 1.0 0.0 0.0 0.0 0.0 0.0 0.0 0.0 0.0
001110202 1.0 0.0 0.0 0.0 0.0 0.0 0.0 0.0 0.0
001101202 1.0 0.0 0.0 0.0 0.0 0.0 0.0 0.0 0.0
001100212 1.0 0.0 0.0 0.0 0.0 0.0 0.0 0.0 0.0
001010200 0.0 1.0 0.0 0.0 0.0 0.0 0.0 0.0 0.0
001011220 0.0 1.0 0.0 0.0 0.0 0.0 0.0 0.0 0.0
001010221 0.0 1.0 0.0 0.0 0.0 0.0 0.0 0.0 0.0
001011202 1.0 0.0 0.0 0.0 0.0 0.0 0.0 0.0 0.0
001010212 1.0 0.0 0.0 0.0 0.0 0.0 0.0 0.0 0.0
001001200 0.0 1.0 0.0 0.0 0.0 0.0 0.0 0.0 0.0
001001212 1.0 0.0 0.0 0.0 0.0 0.0 0.0 0.0 0.0
001000210 0.0 1.0 0.0 0.0 0.0 0.0 0.0 0.0 0.0
001000201 0.0 1.0 0.0 0.0 0.0 0.0 0.0 0.0 0.0
001100020 1.0 0.0 0.0 0.0 0.0 0.0 0.0 0.0 0.0
001110022 1.0 0.0 0.0 0.0 0.0 0.0 0.0 0.0 0.0
001101022 1.0 0.0 0.0 0.0 0.0 0.0 0.0 0.0 0.0
001100122 1.0 0.0 0.0 0.0 0.0 0.0 0.0 0.0 0.0
001010020 1.0 0.0 0.0 0.0 0.0 0.0 0.0 0.0 0.0
001011022 1.0 0.0 0.0 0.0 0.0 0.0 0.0 0.0 0.0
001001020 1.0 0.0 0.0 0.0 0.0 0.0 0.0 0.0 0.0
001001122 1.0 0.0 0.0 0.0 0.0 0.0 0.0 0.0 0.0
001000120 1.0 0.0 0.0 0.0 0.0 0.0 0.0 0.0 0.0
001000021 1.0 0.0 0.0 0.0 0.0 0.0 0.0 0.0 0.0
001100002 1.0 0.0 0.0 0.0 0.0 0.0 0.0 0.0 0.0
001010002 1.0 0.0 0.0 0.0 0.0 0.0 0.0 0.0 0.0
001001002 0.0 1.0 0.0 0.0 0.0 0.0 0.0 0.0 0.0
001000102 1.0 0.0 0.0 0.0 0.0 0.0 0.0 0.0 0.0
001000012 1.0 0.0 0.0 0.0 0.0 0.0 0.0 0.0 0.0
000100000 1.0 0.0 0.0 0.0 0.0 0.0 0.0 0.0 0.0
200110000 0.0 1.0 0.0 0.0 0.0 0.0 0.0 0.0 0.0
220110100 0.0 0.0 0.0 0.0 0.0 1.0 0.0 0.0 0.0
220112110 0.0 0.0 0.0 0.0 0.0 0.0 0.0 0.0 1.0
220112101 0.0 0.0 0.0 0.0 0.0 0.0 0.0 1.0 0.0
220110121 0.0 0.0 0.0 0.0 0.0 1.0 0.0 0.0 0.0
220110112 0.0 0.0 0.0 0.0 0.0 1.0 0.0 0.0 0.0
220110010 0.0 0.0 0.0 0.0 0.0 0.0 0.0 0.0 1.0
220112011 0.0 0.0 1.0 0.0 0.0 0.0 0.0 0.0 0.0
220110211 0.0 0.0 1.0 0.0 0.0 0.0 0.0 0.0 0.0
220110001 0.0 0.0 0.0 0.0 0.0 0.0 0.0 1.0 0.0
202110100 0.0 1.0 0.0 0.0 0.0 0.0 0.0 0.0 0.0
202112110 0.0 1.0 0.0 0.0 0.0 0.0 0.0 0.0 0.0
202112101 0.0 1.0 0.0 0.0 0.0 0.0 0.0 0.0 0.0
202110121 0.0 1.0 0.0 0.0 0.0 0.0 0.0 0.0 0.0
202110112 0.0 1.0 0.0 0.0 0.0 0.0 0.0 0.0 0.0
202110010 0.0 0.0 0.0 0.0 0.0 0.0 1.0 0.0 0.0
202112011 0.0 0.0 0.0 0.0 0.0 0.0 1.0 0.0 0.0
202110211 0.0 0.0 0.0 0.0 0.0 1.0 0.0 0.0 0.0
202110001 0.0 0.0 0.0 0.0 0.0 0.0 1.0 0.0 0.0
200112100 0.0 1.0 0.0 0.0 0.0 0.0 0.0 0.0 0.0
200112121 0.0 1.0 0.0 0.0 0.0 0.0 0.0 0.0 0.0
200112112 0.0 1.0 0.0 0.0 0.0 0.0 0.0 0.0 0.0
200112010 0.0 0.0 0.0 0.0 0.0 0.0 1.0 0.0 0.0
200112211 0.0 0.0 1.0 0.0 0.0 0.0 0.0 0.0 0.0
200112001 0.0 0.0 0.0 0.0 0.0 0.0 1.0 0.0 0.0
200110210 0.0 0.0 1.0 0.0 0.0 0.0 0.0 0.0 0.0
200110201 0.0 0.0 1.0 0.0 0.0 0.0 0.0 0.0 0.0
200110120 0.0 1.0 0.0 0.0 0.0 0.0 0.0 0.0 0.0
200110021 0.0 1.0 0.0 0.0 0.0 0.0 0.0 0.0 0.0
200110102 0.0 1.0 0.0 0.0 0.0 0.0 0.0 0.0 0.0
200110012 0.0 1.0 0.0 0.0 0.0 0.0 0.0 0.0 0.0
200101000 0.0 0.0 0.0 0.0 0.0 0.0 1.0 0.0 0.0
220101100 0.0 0.0 1.0 0.0 0.0 0.0 0.0 0.0 0.0
220121110 0.0 0.0 1.0 0.0 0.0 0.0 0.0 0.0 0.0
220121101 0.0 0.0 1.0 0.0 0.0 0.0 0.0 0.0 0.0
220101121 0.0 0.0 1.0 0.0 0.0 0.0 0.0 0.0 0.0
220101112 0.0 0.0 1.0 0.0 0.0 0.0 0.0 0.0 0.0
220101010 0.0 0.0 0.0 0.0 0.0 0.0 1.0 0.0 0.0
220121011 0.0 0.0 0.0 0.0 0.0 0.0 1.0 0.0 0.0
220101211 0.0 0.0 0.0 0.0 1.0 0.0 0.0 0.0 0.0
220101001 0.0 0.0 0.0 0.0 0.0 0.0 1.0 0.0 0.0
202101100 0.0 1.0 0.0 0.0 0.0 0.0 0.0 0.0 0.0
202121110 0.0 1.0 0.0 0.0 0.0 0.0 0.0 0.0 0.0
202121101 0.0 1.0 0.0 0.0 0.0 0.0 0.0 0.0 0.0
202101121 0.0 1.0 0.0 0.0 0.0 0.0 0.0 0.0 0.0
202101112 0.0 1.0 0.0 0.0 0.0 0.0 0.0 0.0 0.0
202101010 0.0 1.0 0.0 0.0 0.0 0.0 0.0 0.0 0.0
202121011 0.0 1.0 0.0 0.0 0.0 0.0 0.0 0.0 0.0
202101211 0.0 1.0 0.0 0.0 0.0 0.0 0.0 0.0 0.0
202101001 0.0 1.0 0.0 0.0 0.0 0.0 0.0 0.0 0.0
200121100 0.0 1.0 0.0 0.0 0.0 0.0 0.0 0.0 0.0
200121121 0.0 1.0 0.0 0.0 0.0 0.0 0.0 0.0 0.0
200121010 0.0 1.0 0.0 0.0 0.0 0.0 0.0 0.0 0.0
200121211 0.0 1.0 0.0 0.0 0.0 0.0 0.0 0.0 0.0
200121001 0.0 0.0 0.0 0.0 0.0 0.0 1.0 0.0 0.0
200101210 0.0 1.0 0.0 0.0 0.0 0.0 0.0 0.0 0.0
200101201 0.0 1.0 0.0 0.0 0.0 0.0 0.0 0.0 0.0
200101120 0.0 0.0 0.0 0.0 0.0 0.0 0.0 0.0 1.0
200101021 0.0 0.0 0.0 0.0 0.0 0.0 1.0 0.0 0.0
200101102 0.0 0.0 0.0 0.0 0.0 0.0 0.0 1.0 0.0
200101012 0.0 0.0 0.0 0.0 0.0 0.0 1.0 0.0 0.0
200100100 0.0 0.0 0.0 0.0 0.0 1.0 0.0 0.0 0.0
220100110 0.0 0.0 0.0 0.0 0.0 1.0 0.0 0.0 0.0
220100101 0.0 0.0 0.0 0.0 0.0 1.0 0.0 0.0 0.0
202100110 0.0 1.0 0.0 0.0 0.0 0.0 0.0 0.0 0.0
202100101 0.0 1.0 0.0 0.0 0.0 0.0 0.0 0.0 0.0
200120110 0.0 0.0 0.0 0.0 0.0 1.0 0.0 0.0 0.0
200120101 0.0 0.0 0.0 0.0 0.0 1.0 0.0 0.0 0.0
200102110 0.0 1.0 0.0 0.0 0.0 0.0 0.0 0.0 0.0
200102101 0.0 1.0 0.0 0.0 0.0 0.0 0.0 0.0 0.0
200100121 0.0 1.0 0.0 0.0 0.0 0.0 0.0 0.0 0.0
200100112 0.0 1.0 0.0 0.0 0.0 0.0 0.0 0.0 0.0
200100010 0.0 1.0 0.0 0.0 0.0 0.0 0.0 0.0 0.0
220100011 0.0 0.0 0.0 0.0 1.0 0.0 0.0 0.0 0.0
202100011 0.0 0.0 0.0 0.0 0.0 1.0 0.0 0.0 0.0
200120011 0.0 1.0 0.0 0.0 0.0 0.0 0.0 0.0 0.0
200102011 0.0 0.0 1.0 0.0 0.0 0.0 0.0 0.0 0.0
200100211 0.0 0.0 0.0 0.0 0.0 1.0 0.0 0.0 0.0
200100001 0.0 1.0 0.0 0.0 0.0 0.0 0.0 0.0 0.0
020110000 1.0 0.0 0.0 0.0 0.0 0.0 0.0 0.0 0.0
022110100 0.0 0.0 0.0 0.0 0.0 0.0 0.0 1.0 0.0
022112110 1.0 0.0 0.0 0.0 0.0 0.0 0.0 0.0 0.0
022112101 0.0 0.0 0.0 0.0 0.0 0.0 0.0 1.0 0.0
022110121 0.0 0.0 0.0 0.0 0.0 1.0 0.0 0.0 0.0
022110112 1.0 0.0 0.0 0.0 0.0 0.0 0.0 0.0 0.0
022110010 0.0 0.0 0.0 0.0 0.0 0.0 1.0 0.0 0.0
022112011 0.0 0.0 0.0 0.0 0.0 0.0 1.0 0.0 0.0
022110211 0.0 0.0 0.0 0.0 0.0 1.0 0.0 0.0 0.0
022110001 0.0 0.0 0.0 0.0 0.0 1.0 0.0 0.0 0.0
020112100 1.0 0.0 0.0 0.0 0.0 0.0 0.0 0.0 0.0
020112121 1.0 0.0 0.0 0.0 0.0 0.0 0.0 0.0 0.0
020112112 1.0 0.0 0.0 0.0 0.0 0.0 0.0 0.0 0.0
020112010 0.0 0.0 0.0 0.0 0.0 0.0 1.0 0.0 0.0
020112211 0.0 0.0 1.0 0.0 0.0 0.0 0.0 0.0 0.0
020112001 0.0 0.0 1.0 0.0 0.0 0.0 0.0 0.0 0.0
020110210 0.0 0.0 1.0 0.0 0.0 0.0 0.0 0.0 0.0
020110201 0.0 0.0 1.0 0.0 0.0 0.0 0.0 0.0 0.0
020110120 1.0 0.0 0.0 0.0 0.0 0.0 0.0 0.0 0.0
020110021 1.0 0.0 0.0 0.0 0.0 0.0 0.0 0.0 0.0
020110102 1.0 0.0 0.0 0.0 0.0 0.0 0.0 0.0 0.0
020110012 1.0 0.0 0.0 0.0 0.0 0.0 0.0 0.0 0.0
020101000 0.0 0.0 0.0 0.0 0.0 0.0 1.0 0.0 0.0
022101100 0.0 0.0 0.0 0.0 0.0 0.0 0.0 0.0 1.0
022121110 0.0 0.0 0.0 0.0 0.0 0.0 0.0 0.0 1.0
022121101 1.0 0.0 0.0 0.0 0.0 0.0 0.0 0.0 0.0
022101121 1.0 0.0 0.0 0.0 0.0 0.0 0.0 0.0 0.0
022101112 0.0 0.0 0.0 0.0 1.0 0.0 0.0 0.0 0.0
022101010 0.0 0.0 0.0 0.0 0.0 0.0 0.0 0.0 1.0
022121011 1.0 0.0 0.0 0.0 0.0 0.0 0.0 0.0 0.0
022101211 1.0 0.0 0.0 0.0 0.0 0.0 0.0 0.0 0.0
022101001 1.0 0.0 0.0 0.0 0.0 0.0 0.0 0.0 0.0
020121100 1.0 0.0 0.0 0.0 0.0 0.0 0.0 0.0 0.0
020121112 0.0 0.0 1.0 0.0 0.0 0.0 0.0 0.0 0.0
020121010 1.0 0.0 0.0 0.0 0.0 0.0 0.0 0.0 0.0
020121211 1.0 0.0 0.0 0.0 0.0 0.0 0.0 0.0 0.0
020121001 1.0 0.0 0.0 0.0 0.0 0.0 0.0 0.0 0.0
020101210 1.0 0.0 0.0 0.0 0.0 0.0 0.0 0.0 0.0
020101201 1.0 0.0 0.0 0.0 0.0 0.0 0.0 0.0 0.0
020101120 0.0 0.0 0.0 0.0 0.0 0.0 0.0 0.0 1.0
020101021 0.0 0.0 0.0 0.0 0.0 0.0 1.0 0.0 0.0
020101102 0.0 0.0 1.0 0.0 0.0 0.0 0.0 0.0 0.0
020101012 0.0 0.0 1.0 0.0 0.0 0.0 0.0 0.0 0.0
020100100 0.0 0.0 1.0 0.0 0.0 0.0 0.0 0.0 0.0
022100110 0.0 0.0 0.0 0.0 1.0 0.0 0.0 0.0 0.0
022100101 0.0 0.0 0.0 0.0 0.0 1.0 0.0 0.0 0.0
020120110 0.0 0.0 1.0 0.0 0.0 0.0 0.0 0.0 0.0
020120101 0.0 0.0 0.0 0.0 0.0 1.0 0.0 0.0 0.0
020102110 1.0 0.0 0.0 0.0 0.0 0.0 0.0 0.0 0.0
020102101 1.0 0.0 0.0 0.0 0.0 0.0 0.0 0.0 0.0
020100121 0.0 0.0 0.0 0.0 0.0 1.0 0.0 0.0 0.0
020100112 0.0 0.0 0.0 0.0 1.0 0.0 0.0 0.0 0.0
020100010 1.0 0.0 0.0 0.0 0.0 0.0 0.0 0.0 0.0
022100011 0.0 0.0 0.0 0.0 0.0 1.0 0.0 0.0 0.0
020120011 1.0 0.0 0.0 0.0 0.0 0.0 0.0 0.0 0.0
020102011 0.0 0.0 1.0 0.0 0.0 0.0 0.0 0.0 0.0
020100211 0.0 0.0 0.0 0.0 0.0 1.0 0.0 0.0 0.0
020100001 1.0 0.0 0.0 0.0 0.0 0.0 0.0 0.0 0.0
002110000 0.0 1.0 0.0 0.0 0.0 0.0 0.0 0.0 0.0
002112100 0.0 0.0 0.0 0.0 0.0 0.0 0.0 1.0 0.0
002112121 0.0 1.0 0.0 0.0 0.0 0.0 0.0 0.0 0.0
002112010 0.0 0.0 0.0 0.0 0.0 0.0 1.0 0.0 0.0
002112211 1.0 0.0 0.0 0.0 0.0 0.0 0.0 0.0 0.0
002112001 0.0 1.0 0.0 0.0 0.0 0.0 0.0 0.0 0.0
002110210 1.0 0.0 0.0 0.0 0.0 0.0 0.0 0.0 0.0
002110201 1.0 0.0 0.0 0.0 0.0 0.0 0.0 0.0 0.0
002110120 0.0 1.0 0.0 0.0 0.0 0.0 0.0 0.0 0.0
002110021 0.0 1.0 0.0 0.0 0.0 0.0 0.0 0.0 0.0
002110102 0.0 0.0 0.0 0.0 0.0 0.0 0.0 1.0 0.0
002110012 0.0 0.0 0.0 0.0 0.0 0.0 1.0 0.0 0.0
002101000 0.0 0.0 0.0 0.0 0.0 0.0 1.0 0.0 0.0
002121100 0.0 0.0 0.0 0.0 0.0 0.0 0.0 1.0 0.0
002121121 1.0 0.0 0.0 0.0 0.0 0.0 0.0 0.0 0.0
002121112 0.0 1.0 0.0 0.0 0.0 0.0 0.0 0.0 0.0
002121010 1.0 0.0 0.0 0.0 0.0 0.0 0.0 0.0 0.0
002121001 1.0 0.0 0.0 0.0 0.0 0.0 0.0 0.0 0.0
002101210 0.0 0.0 0.0 0.0 0.0 0.0 0.0 0.0 1.0
002101201 0.0 0.0 0.0 0.0 0.0 0.0 0.0 1.0 0.0
002101120 0.0 0.0 0.0 0.0 1.0 0.0 0.0 0.0 0.0
002101021 0.0 0.0 0.0 0.0 0.0 0.0 1.0 0.0 0.0
002101102 0.0 1.0 0.0 0.0 0.0 0.0 0.0 0.0 0.0
002101012 0.0 1.0 0.0 0.0 0.0 0.0 0.0 0.0 0.0
002100100 0.0 1.0 0.0 0.0 0.0 0.0 0.0 0.0 0.0
002120110 0.0 1.0 0.0 0.0 0.0 0.0 0.0 0.0 0.0
002120101 0.0 0.0 0.0 0.0 0.0 1.0 0.0 0.0 0.0
002102110 0.0 0.0 0.0 0.0 1.0 0.0 0.0 0.0 0.0
002102101 0.0 1.0 0.0 0.0 0.0 0.0 0.0 0.0 0.0
002100121 0.0 0.0 0.0 0.0 1.0 0.0 0.0 0.0 0.0
002100112 1.0 0.0 0.0 0.0 0.0 0.0 0.0 0.0 0.0
002100010 0.0 1.0 0.0 0.0 0.0 0.0 0.0 0.0 0.0
002120011 0.0 0.0 0.0 0.0 0.0 1.0 0.0 0.0 0.0
002102011 1.0 0.0 0.0 0.0 0.0 0.0 0.0 0.0 0.0
002100211 0.0 0.0 0.0 0.0 0.0 1.0 0.0 0.0 0.0
002100001 0.0 0.0 0.0 0.0 0.0 1.0 0.0 0.0 0.0
000121000 1.0 0.0 0.0 0.0 0.0 0.0 0.0 0.0 0.0
000121210 1.0 0.0 0.0 0.0 0.0 0.0 0.0 0.0 0.0
000121201 1.0 0.0 0.0 0.0 0.0 0.0 0.0 0.0 0.0
000121120 0.0 0.0 1.0 0.0 0.0 0.0 0.0 0.0 0.0
000121021 1.0 0.0 0.0 0.0 0.0 0.0 0.0 0.0 0.0
000121102 0.0 0.0 1.0 0.0 0.0 0.0 0.0 0.0 0.0
000121012 1.0 0.0 0.0 0.0 0.0 0.0 0.0 0.0 0.0
000120100 0.0 0.0 1.0 0.0 0.0 0.0 0.0 0.0 0.0
000122110 1.0 0.0 0.0 0.0 0.0 0.0 0.0 0.0 0.0
000122101 1.0 0.0 0.0 0.0 0.0 0.0 0.0 0.0 0.0
000120121 0.0 0.0 1.0 0.0 0.0 0.0 0.0 0.0 0.0
000120112 0.0 1.0 0.0 0.0 0.0 0.0 0.0 0.0 0.0
000120010 0.0 0.0 0.0 0.0 0.0 1.0 0.0 0.0 0.0
000122011 1.0 0.0 0.0 0.0 0.0 0.0 0.0 0.0 0.0
000120211 1.0 0.0 0.0 0.0 0.0 0.0 0.0 0.0 0.0
000120001 1.0 0.0 0.0 0.0 0.0 0.0 0.0 0.0 0.0
000112000 1.0 0.0 0.0 0.0 0.0 0.0 0.0 0.0 0.0
000112210 1.0 0.0 0.0 0.0 0.0 0.0 0.0 0.0 0.0
000112201 1.0 0.0 0.0 0.0 0.0 0.0 0.0 0.0 0.0
000112120 1.0 0.0 0.0 0.0 0.0 0.0 0.0 0.0 0.0
000112021 0.0 1.0 0.0 0.0 0.0 0.0 0.0 0.0 0.0
000112102 1.0 0.0 0.0 0.0 0.0 0.0 0.0 0.0 0.0
000112012 1.0 0.0 0.0 0.0 0.0 0.0 0.0 0.0 0.0
000102100 1.0 0.0 0.0 0.0 0.0 0.0 0.0 0.0 0.0
000102121 0.0 1.0 0.0 0.0 0.0 0.0 0.0 0.0 0.0
000102112 0.0 1.0 0.0 0.0 0.0 0.0 0.0 0.0 0.0
000102010 1.0 0.0 0.0 0.0 0.0 0.0 0.0 0.0 0.0
000102211 1.0 0.0 0.0 0.0 0.0 0.0 0.0 0.0 0.0
000102001 1.0 0.0 0.0 0.0 0.0 0.0 0.0 0.0 0.0
000110200 1.0 0.0 0.0 0.0 0.0 0.0 0.0 0.0 0.0
000110221 1.0 0.0 0.0 0.0 0.0 0.0 0.0 0.0 0.0
000110212 1.0 0.0 0.0 0.0 0.0 0.0 0.0 0.0 0.0
000101200 1.0 0.0 0.0 0.0 0.0 0.0 0.0 0.0 0.0
000101221 1.0 0.0 0.0 0.0 0.0 0.0 0.0 0.0 0.0
000101212 1.0 0.0 0.0 0.0 0.0 0.0 0.0 0.0 0.0
000100210 1.0 0.0 0.0 0.0 0.0 0.0 0.0 0.0 0.0
000100201 1.0 0.0 0.0 0.0 0.0 0.0 0.0 0.0 0.0
000110020 1.0 0.0 0.0 0.0 0.0 0.0 0.0 0.0 0.0
000110122 1.0 0.0 0.0 0.0 0.0 0.0 0.0 0.0 0.0
000101020 1.0 0.0 0.0 0.0 0.0 0.0 0.0 0.0 0.0
000101122 1.0 0.0 0.0 0.0 0.0 0.0 0.0 0.0 0.0
000100120 0.0 1.0 0.0 0.0 0.0 0.0 0.0 0.0 0.0
000100021 0.0 1.0 0.0 0.0 0.0 0.0 0.0 0.0 0.0
000110002 1.0 0.0 0.0 0.0 0.0 0.0 0.0 0.0 0.0
000101002 1.0 0.0 0.0 0.0 0.0 0.0 0.0 0.0 0.0
000100102 0.0 1.0 0.0 0.0 0.0 0.0 0.0 0.0 0.0
000100012 0.0 1.0 0.0 0.0 0.0 0.0 0.0 0.0 0.0
000010000 1.0 0.0 0.0 0.0 0.0 0.0 0.0 0.0 0.0
200011000 0.0 1.0 0.0 0.0 0.0 0.0 0.0 0.0 0.0
220011100 0.0 0.0 0.0 1.0 0.0 0.0 0.0 0.0 0.0
220211110 0.0 0.0 0.0 0.0 0.0 0.0 0.0 0.0 1.0
220211101 0.0 0.0 0.0 0.0 0.0 0.0 0.0 1.0 0.0
220011121 0.0 0.0 0.0 1.0 0.0 0.0 0.0 0.0 0.0
220011112 0.0 0.0 0.0 1.0 0.0 0.0 0.0 0.0 0.0
220011010 0.0 0.0 0.0 0.0 0.0 0.0 0.0 0.0 1.0
220211011 0.0 0.0 1.0 0.0 0.0 0.0 0.0 0.0 0.0
220011211 0.0 0.0 1.0 0.0 0.0 0.0 0.0 0.0 0.0
220011001 0.0 0.0 0.0 0.0 0.0 0.0 0.0 1.0 0.0
202011100 0.0 0.0 0.0 0.0 0.0 0.0 0.0 0.0 1.0
202211110 0.0 0.0 0.0 0.0 0.0 0.0 0.0 0.0 1.0
202211101 0.0 1.0 0.0 0.0 0.0 0.0 0.0 0.0 0.0
202011121 0.0 1.0 0.0 0.0 0.0 0.0 0.0 0.0 0.0
202011112 0.0 0.0 0.0 1.0 0.0 0.0 0.0 0.0 0.0
202011010 0.0 0.0 0.0 0.0 0.0 0.0 0.0 0.0 1.0
202211011 0.0 1.0 0.0 0.0 0.0 0.0 0.0 0.0 0.0
202011211 0.0 1.0 0.0 0.0 0.0 0.0 0.0 0.0 0.0
202011001 0.0 1.0 0.0 0.0 0.0 0.0 0.0 0.0 0.0
200211100 0.0 1.0 0.0 0.0 0.0 0.0 0.0 0.0 0.0
200211121 0.0 1.0 0.0 0.0 0.0 0.0 0.0 0.0 0.0
200211112 0.0 1.0 0.0 0.0 0.0 0.0 0.0 0.0 0.0
200211010 0.0 0.0 0.0 0.0 0.0 0.0 0.0 0.0 1.0
200211001 0.0 1.0 0.0 0.0 0.0 0.0 0.0 0.0 0.0
200011210 0.0 0.0 0.0 0.0 0.0 0.0 0.0 0.0 1.0
200011201 0.0 0.0 0.0 0.0 0.0 0.0 0.0 1.0 0.0
200011120 0.0 1.0 0.0 0.0 0.0 0.0 0.0 0.0 0.0
200011021 0.0 1.0 0.0 0.0 0.0 0.0 0.0 0.0 0.0
200011102 0.0 1.0 0.0 0.0 0.0 0.0 0.0 0.0 0.0
200011012 0.0 1.0 0.0 0.0 0.0 0.0 0.0 0.0 0.0
200010100 0.0 1.0 0.0 0.0 0.0 0.0 0.0 0.0 0.0
220010110 0.0 0.0 0.0 1.0 0.0 0.0 0.0 0.0 0.0
220010101 0.0 0.0 0.0 1.0 0.0 0.0 0.0 0.0 0.0
202010110 0.0 0.0 0.0 1.0 0.0 0.0 0.0 0.0 0.0
202010101 0.0 1.0 0.0 0.0 0.0 0.0 0.0 0.0 0.0
200210110 0.0 1.0 0.0 0.0 0.0 0.0 0.0 0.0 0.0
200210101 0.0 1.0 0.0 0.0 0.0 0.0 0.0 0.0 0.0
200012110 0.0 1.0 0.0 0.0 0.0 0.0 0.0 0.0 0.0
200012101 0.0 1.0 0.0 0.0 0.0 0.0 0.0 0.0 0.0
200010121 0.0 1.0 0.0 0.0 0.0 0.0 0.0 0.0 0.0
200010112 0.0 1.0 0.0 0.0 0.0 0.0 0.0 0.0 0.0
200010010 0.0 0.0 1.0 0.0 0.0 0.0 0.0 0.0 0.0
220010011 0.0 0.0 1.0 0.0 0.0 0.0 0.0 0.0 0.0
202010011 0.0 0.0 0.0 0.0 0.0 1.0 0.0 0.0 0.0
200210011 0.0 0.0 0.0 0.0 0.0 1.0 0.0 0.0 0.0
200012011 0.0 0.0 1.0 0.0 0.0 0.0 0.0 0.0 0.0
200010211 0.0 0.0 0.0 0.0 0.0 1.0 0.0 0.0 0.0
200010001 0.0 0.0 0.0 0.0 0.0 1.0 0.0 0.0 0.0
020011000 1.0 0.0 0.0 0.0 0.0 0.0 0.0 0.0 0.0
022011100 0.0 0.0 0.0 0.0 0.0 0.0 0.0 1.0 0.0
022211110 1.0 0.0 0.0 0.0 0.0 0.0 0.0 0.0 0.0
022211101 0.0 0.0 0.0 0.0 0.0 0.0 0.0 1.0 0.0
022011121 0.0 0.0 0.0 1.0 0.0 0.0 0.0 0.0 0.0
022011112 1.0 0.0 0.0 0.0 0.0 0.0 0.0 0.0 0.0
022011010 0.0 0.0 0.0 0.0 0.0 0.0 1.0 0.0 0.0
022211011 0.0 0.0 0.0 0.0 0.0 0.0 1.0 0.0 0.0
022011211 0.0 0.0 0.0 1.0 0.0 0.0 0.0 0.0 0.0
022011001 0.0 0.0 0.0 1.0 0.0 0.0 0.0 0.0 0.0
020211100 1.0 0.0 0.0 0.0 0.0 0.0 0.0 0.0 0.0
020211121 1.0 0.0 0.0 0.0 0.0 0.0 0.0 0.0 0.0
020211112 1.0 0.0 0.0 0.0 0.0 0.0 0.0 0.0 0.0
020211010 1.0 0.0 0.0 0.0 0.0 0.0 0.0 0.0 0.0
020211211 0.0 0.0 1.0 0.0 0.0 0.0 0.0 0.0 0.0
020211001 0.0 0.0 1.0 0.0 0.0 0.0 0.0 0.0 0.0
020011210 0.0 0.0 1.0 0.0 0.0 0.0 0.0 0.0 0.0
020011201 0.0 0.0 1.0 0.0 0.0 0.0 0.0 0.0 0.0
020011120 1.0 0.0 0.0 0.0 0.0 0.0 0.0 0.0 0.0
020011021 1.0 0.0 0.0 0.0 0.0 0.0 0.0 0.0 0.0
020011102 1.0 0.0 0.0 0.0 0.0 0.0 0.0 0.0 0.0
020011012 1.0 0.0 0.0 0.0 0.0 0.0 0.0 0.0 0.0
020010100 1.0 0.0 0.0 0.0 0.0 0.0 0.0 0.0 0.0
022010110 1.0 0.0 0.0 0.0 0.0 0.0 0.0 0.0 0.0
022010101 0.0 0.0 0.0 1.0 0.0 0.0 0.0 0.0 0.0
020210110 1.0 0.0 0.0 0.0 0.0 0.0 0.0 0.0 0.0
020210101 1.0 0.0 0.0 0.0 0.0 0.0 0.0 0.0 0.0
020012110 1.0 0.0 0.0 0.0 0.0 0.0 0.0 0.0 0.0
020012101 1.0 0.0 0.0 0.0 0.0 0.0 0.0 0.0 0.0
020010121 1.0 0.0 0.0 0.0 0.0 0.0 0.0 0.0 0.0
020010112 1.0 0.0 0.0 0.0 0.0 0.0 0.0 0.0 0.0
020010010 0.0 0.0 0.0 0.0 0.0 1.0 0.0 0.0 0.0
022010011 0.0 0.0 0.0 1.0 0.0 0.0 0.0 0.0 0.0
020210011 0.0 0.0 1.0 0.0 0.0 0.0 0.0 0.0 0.0
020012011 0.0 0.0 1.0 0.0 0.0 0.0 0.0 0.0 0.0
020010211 0.0 0.0 1.0 0.0 0.0 0.0 0.0 0.0 0.0
020010001 0.0 0.0 1.0 0.0 0.0 0.0 0.0 0.0 0.0
002011000 0.0 1.0 0.0 0.0 0.0 0.0 0.0 0.0 0.0
002211100 0.0 0.0 0.0 0.0 0.0 0.0 0.0 1.0 0.0
002211121 0.0 1.0 0.0 0.0 0.0 0.0 0.0 0.0 0.0
002211112 1.0 0.0 0.0 0.0 0.0 0.0 0.0 0.0 0.0
002211010 0.0 0.0 0.0 0.0 0.0 0.0 1.0 0.0 0.0
002211211 0.0 1.0 0.0 0.0 0.0 0.0 0.0 0.0 0.0
002211001 0.0 1.0 0.0 0.0 0.0 0.0 0.0 0.0 0.0
002011210 0.0 1.0 0.0 0.0 0.0 0.0 0.0 0.0 0.0
002011201 0.0 1.0 0.0 0.0 0.0 0.0 0.0 0.0 0.0
002011120 0.0 1.0 0.0 0.0 0.0 0.0 0.0 0.0 0.0
002011021 0.0 1.0 0.0 0.0 0.0 0.0 0.0 0.0 0.0
002011102 1.0 0.0 0.0 0.0 0.0 0.0 0.0 0.0 0.0
002011012 1.0 0.0 0.0 0.0 0.0 0.0 0.0 0.0 0.0
002010100 0.0 0.0 0.0 1.0 0.0 0.0 0.0 0.0 0.0
002210110 1.0 0.0 0.0 0.0 0.0 0.0 0.0 0.0 0.0
002210101 0.0 1.0 0.0 0.0 0.0 0.0 0.0 0.0 0.0
002012110 0.0 0.0 0.0 1.0 0.0 0.0 0.0 0.0 0.0
002012101 0.0 1.0 0.0 0.0 0.0 0.0 0.0 0.0 0.0
002010121 0.0 1.0 0.0 0.0 0.0 0.0 0.0 0.0 0.0
002010112 1.0 0.0 0.0 0.0 0.0 0.0 0.0 0.0 0.0
002010010 1.0 0.0 0.0 0.0 0.0 0.0 0.0 0.0 0.0
002210011 0.0 1.0 0.0 0.0 0.0 0.0 0.0 0.0 0.0
002012011 1.0 0.0 0.0 0.0 0.0 0.0 0.0 0.0 0.0
002010211 0.0 1.0 0.0 0.0 0.0 0.0 0.0 0.0 0.0
002010001 0.0 1.0 0.0 0.0 0.0 0.0 0.0 0.0 0.0
000211000 0.0 0.0 1.0 0.0 0.0 0.0 0.0 0.0 0.0
000211210 0.0 0.0 1.0 0.0 0.0 0.0 0.0 0.0 0.0
000211201 0.0 1.0 0.0 0.0 0.0 0.0 0.0 0.0 0.0
000211120 1.0 0.0 0.0 0.0 0.0 0.0 0.0 0.0 0.0
000211021 0.0 1.0 0.0 0.0 0.0 0.0 0.0 0.0 0.0
000211102 1.0 0.0 0.0 0.0 0.0 0.0 0.0 0.0 0.0
000211012 1.0 0.0 0.0 0.0 0.0 0.0 0.0 0.0 0.0
000210100 1.0 0.0 0.0 0.0 0.0 0.0 0.0 0.0 0.0
000212110 1.0 0.0 0.0 0.0 0.0 0.0 0.0 0.0 0.0
000212101 1.0 0.0 0.0 0.0 0.0 0.0 0.0 0.0 0.0
000210121 1.0 0.0 0.0 0.0 0.0 0.0 0.0 0.0 0.0
000210112 1.0 0.0 0.0 0.0 0.0 0.0 0.0 0.0 0.0
000210010 1.0 0.0 0.0 0.0 0.0 0.0 0.0 0.0 0.0
000212011 1.0 0.0 0.0 0.0 0.0 0.0 0.0 0.0 0.0
000210211 0.0 1.0 0.0 0.0 0.0 0.0 0.0 0.0 0.0
000210001 0.0 1.0 0.0 0.0 0.0 0.0 0.0 0.0 0.0
000012100 1.0 0.0 0.0 0.0 0.0 0.0 0.0 0.0 0.0
000012121 1.0 0.0 0.0 0.0 0.0 0.0 0.0 0.0 0.0
000012112 1.0 0.0 0.0 0.0 0.0 0.0 0.0 0.0 0.0
000012010 1.0 0.0 0.0 0.0 0.0 0.0 0.0 0.0 0.0
000012211 1.0 0.0 0.0 0.0 0.0 0.0 0.0 0.0 0.0
000012001 1.0 0.0 0.0 0.0 0.0 0.0 0.0 0.0 0.0
000011200 1.0 0.0 0.0 0.0 0.0 0.0 0.0 0.0 0.0
000011221 1.0 0.0 0.0 0.0 0.0 0.0 0.0 0.0 0.0
000011212 1.0 0.0 0.0 0.0 0.0 0.0 0.0 0.0 0.0
000010210 1.0 0.0 0.0 0.0 0.0 0.0 0.0 0.0 0.0
000010201 0.0 1.0 0.0 0.0 0.0 0.0 0.0 0.0 0.0
000011020 1.0 0.0 0.0 0.0 0.0 0.0 0.0 0.0 0.0
000011122 1.0 0.0 0.0 0.0 0.0 0.0 0.0 0.0 0.0
000010120 1.0 0.0 0.0 0.0 0.0 0.0 0.0 0.0 0.0
000010021 1.0 0.0 0.0 0.0 0.0 0.0 0.0 0.0 0.0
000011002 1.0 0.0 0.0 0.0 0.0 0.0 0.0 0.0 0.0
000010102 1.0 0.0 0.0 0.0 0.0 0.0 0.0 0.0 0.0
000010012 1.0 0.0 0.0 0.0 0.0 0.0 0.0 0.0 0.0
000001000 1.0 0.0 0.0 0.0 0.0 0.0 0.0 0.0 0.0
200001100 0.0 0.0 0.0 1.0 0.0 0.0 0.0 0.0 0.0
220001110 0.0 0.0 0.0 1.0 0.0 0.0 0.0 0.0 0.0
220001101 0.0 0.0 0.0 1.0 0.0 0.0 0.0 0.0 0.0
202001110 0.0 0.0 0.0 1.0 0.0 0.0 0.0 0.0 0.0
202001101 0.0 1.0 0.0 0.0 0.0 0.0 0.0 0.0 0.0
200201110 0.0 1.0 0.0 0.0 0.0 0.0 0.0 0.0 0.0
200201101 0.0 1.0 0.0 0.0 0.0 0.0 0.0 0.0 0.0
200021110 0.0 0.0 0.0 1.0 0.0 0.0 0.0 0.0 0.0
200021101 0.0 0.0 0.0 1.0 0.0 0.0 0.0 0.0 0.0
200001121 0.0 0.0 0.0 1.0 0.0 0.0 0.0 0.0 0.0
200001112 0.0 0.0 0.0 1.0 0.0 0.0 0.0 0.0 0.0
200001010 0.0 1.0 0.0 0.0 0.0 0.0 0.0 0.0 0.0
220001011 0.0 0.0 0.0 0.0 1.0 0.0 0.0 0.0 0.0
202001011 0.0 1.0 0.0 0.0 0.0 0.0 0.0 0.0 0.0
200201011 0.0 0.0 0.0 0.0 1.0 0.0 0.0 0.0 0.0
200021011 0.0 1.0 0.0 0.0 0.0 0.0 0.0 0.0 0.0
200001211 0.0 1.0 0.0 0.0 0.0 0.0 0.0 0.0 0.0
200001001 0.0 1.0 0.0 0.0 0.0 0.0 0.0 0.0 0.0
020001100 0.0 0.0 1.0 0.0 0.0 0.0 0.0 0.0 0.0
022001110 0.0 0.0 0.0 0.0 1.0 0.0 0.0 0.0 0.0
022001101 0.0 0.0 0.0 1.0 0.0 0.0 0.0 0.0 0.0
020201110 1.0 0.0 0.0 0.0 0.0 0.0 0.0 0.0 0.0
020201101 1.0 0.0 0.0 0.0 0.0 0.0 0.0 0.0 0.0
020021110 0.0 0.0 1.0 0.0 0.0 0.0 0.0 0.0 0.0
020021101 0.0 0.0 0.0 1.0 0.0 0.0 0.0 0.0 0.0
020001121 0.0 0.0 0.0 1.0 0.0 0.0 0.0 0.0 0.0
020001112 1.0 0.0 0.0 0.0 0.0 0.0 0.0 0.0 0.0
020001010 1.0 0.0 0.0 0.0 0.0 0.0 0.0 0.0 0.0
022001011 0.0 0.0 0.0 1.0 0.0 0.0 0.0 0.0 0.0
020201011 0.0 0.0 1.0 0.0 0.0 0.0 0.0 0.0 0.0
020021011 1.0 0.0 0.0 0.0 0.0 0.0 0.0 0.0 0.0
020001211 0.0 0.0 0.0 1.0 0.0 0.0 0.0 0.0 0.0
020001001 1.0 0.0 0.0 0.0 0.0 0.0 0.0 0.0 0.0
002001100 0.0 1.0 0.0 0.0 0.0 0.0 0.0 0.0 0.0
002201110 1.0 0.0 0.0 0.0 0.0 0.0 0.0 0.0 0.0
002201101 0.0 1.0 0.0 0.0 0.0 0.0 0.0 0.0 0.0
002021110 0.0 1.0 0.0 0.0 0.0 0.0 0.0 0.0 0.0
002021101 0.0 0.0 0.0 1.0 0.0 0.0 0.0 0.0 0.0
002001121 0.0 0.0 0.0 1.0 0.0 0.0 0.0 0.0 0.0
002001112 1.0 0.0 0.0 0.0 0.0 0.0 0.0 0.0 0.0
002001010 0.0 1.0 0.0 0.0 0.0 0.0 0.0 0.0 0.0
002201011 0.0 1.0 0.0 0.0 0.0 0.0 0.0 0.0 0.0
002021011 0.0 0.0 0.0 1.0 0.0 0.0 0.0 0.0 0.0
002001211 1.0 0.0 0.0 0.0 0.0 0.0 0.0 0.0 0.0
002001001 0.0 0.0 0.0 1.0 0.0 0.0 0.0 0.0 0.0
000201100 1.0 0.0 0.0 0.0 0.0 0.0 0.0 0.0 0.0
000221110 1.0 0.0 0.0 0.0 0.0 0.0 0.0 0.0 0.0
000221101 1.0 0.0 0.0 0.0 0.0 0.0 0.0 0.0 0.0
000201121 1.0 0.0 0.0 0.0 0.0 0.0 0.0 0.0 0.0
000201112 1.0 0.0 0.0 0.0 0.0 0.0 0.0 0.0 0.0
000201010 1.0 0.0 0.0 0.0 0.0 0.0 0.0 0.0 0.0
000221011 1.0 0.0 0.0 0.0 0.0 0.0 0.0 0.0 0.0
000201211 0.0 1.0 0.0 0.0 0.0 0.0 0.0 0.0 0.0
000201001 0.0 1.0 0.0 0.0 0.0 0.0 0.0 0.0 0.0
000021100 0.0 0.0 1.0 0.0 0.0 0.0 0.0 0.0 0.0
000021121 1.0 0.0 0.0 0.0 0.0 0.0 0.0 0.0 0.0
000021112 1.0 0.0 0.0 0.0 0.0 0.0 0.0 0.0 0.0
000021010 1.0 0.0 0.0 0.0 0.0 0.0 0.0 0.0 0.0
000021211 0.0 1.0 0.0 0.0 0.0 0.0 0.0 0.0 0.0
000021001 1.0 0.0 0.0 0.0 0.0 0.0 0.0 0.0 0.0
000001210 0.0 1.0 0.0 0.0 0.0 0.0 0.0 0.0 0.0
000001201 0.0 1.0 0.0 0.0 0.0 0.0 0.0 0.0 0.0
000001120 1.0 0.0 0.0 0.0 0.0 0.0 0.0 0.0 0.0
000001021 1.0 0.0 0.0 0.0 0.0 0.0 0.0 0.0 0.0
000001102 1.0 0.0 0.0 0.0 0.0 0.0 0.0 0.0 0.0
000001012 1.0 0.0 0.0 0.0 0.0 0.0 0.0 0.0 0.0
000000100 1.0 0.0 0.0 0.0 0.0 0.0 0.0 0.0 0.0
200000110 0.0 1.0 0.0 0.0 0.0 0.0 0.0 0.0 0.0
200000101 0.0 1.0 0.0 0.0 0.0 0.0 0.0 0.0 0.0
020000110 1.0 0.0 0.0 0.0 0.0 0.0 0.0 0.0 0.0
020000101 1.0 0.0 0.0 0.0 0.0 0.0 0.0 0.0 0.0
002000110 0.0 0.0 0.0 1.0 0.0 0.0 0.0 0.0 0.0
002000101 0.0 1.0 0.0 0.0 0.0 0.0 0.0 0.0 0.0
000200110 1.0 0.0 0.0 0.0 0.0 0.0 0.0 0.0 0.0
000200101 1.0 0.0 0.0 0.0 0.0 0.0 0.0 0.0 0.0
000020110 1.0 0.0 0.0 0.0 0.0 0.0 0.0 0.0 0.0
000020101 1.0 0.0 0.0 0.0 0.0 0.0 0.0 0.0 0.0
000002110 1.0 0.0 0.0 0.0 0.0 0.0 0.0 0.0 0.0
000002101 1.0 0.0 0.0 0.0 0.0 0.0 0.0 0.0 0.0
000000121 0.0 1.0 0.0 0.0 0.0 0.0 0.0 0.0 0.0
000000112 0.0 0.0 0.0 1.0 0.0 0.0 0.0 0.0 0.0
000000010 1.0 0.0 0.0 0.0 0.0 0.0 0.0 0.0 0.0
200000011 0.0 0.0 0.0 1.0 0.0 0.0 0.0 0.0 0.0
020000011 0.0 0.0 1.0 0.0 0.0 0.0 0.0 0.0 0.0
002000011 0.0 1.0 0.0 0.0 0.0 0.0 0.0 0.0 0.0
000200011 1.0 0.0 0.0 0.0 0.0 0.0 0.0 0.0 0.0
000020011 1.0 0.0 0.0 0.0 0.0 0.0 0.0 0.0 0.0
000002011 1.0 0.0 0.0 0.0 0.0 0.0 0.0 0.0 0.0
000000211 0.0 1.0 0.0 0.0 0.0 0.0 0.0 0.0 0.0
000000001 1.0 0.0 0.0 0.0 0.0 0.0 0.0 0.0 0.0
