1
000000000 0 0 1 0 0 0 0 0 0
120000000 0 0 0 0 0 0 1 0 0
121200000 0 0 0 0 0 1 0 0 0
121212000 0 0 0 0 0 0 0 0 1
121212210 0 0 0 0 0 0 0 0 1
121212012 0 0 0 0 0 0 1 0 0
121210200 0 0 0 0 0 1 0 0 0
121211220 0 0 0 0 0 0 0 0 1
121211202 0 0 0 0 0 0 0 1 0
121210212 0 0 0 0 0 1 0 0 0
121210020 0 0 0 0 0 1 0 0 0
121211022 0 0 0 0 0 0 1 0 0
121210002 0 0 0 0 0 1 0 0 0
121221000 0 0 0 0 0 0 0 0 1
121221102 0 0 0 0 0 0 0 1 0
121221210 0 0 0 0 0 0 0 0 1
121221012 0 0 0 0 0 0 1 0 0
121201200 0 0 0 0 1 0 0 0 0
121201212 0 0 0 0 1 0 0 0 0
121201020 0 0 0 0 1 0 0 0 0
121201122 0 0 0 0 1 0 0 0 0
121201002 0 0 0 0 0 0 0 1 0
121220100 0 0 0 0 0 1 0 0 0
121220112 0 0 0 0 0 1 0 0 0
121202100 0 0 0 0 0 0 0 0 1
121202112 0 0 0 0 1 0 0 0 0
121202121 0 0 0 0 1 0 0 0 0
121200120 0 0 0 0 1 0 0 0 0
121200102 0 0 0 0 1 0 0 0 0
121220010 0 0 0 0 0 0 0 0 1
121220211 0 0 0 0 0 1 0 0 0
121202010 0 0 0 0 1 0 0 0 0
121202211 0 0 0 0 1 0 0 0 0
121200210 0 0 0 0 0 0 0 0 1
121200012 0 0 0 0 0 1 0 0 0
121220001 0 0 0 0 0 0 0 1 0
121202001 0 0 0 0 1 0 0 0 0
121200201 0 0 0 0 0 1 0 0 0
121200021 0 0 0 0 0 1 0 0 0
121020000 0 0 0 0 0 1 0 0 0
121122000 0 0 0 0 0 0 0 0 1
121122210 0 0 0 0 0 0 0 0 1
121122012 0 0 0 0 0 0 1 0 0
121122201 0 0 0 0 0 0 0 1 0
121120200 0 0 0 0 0 1 0 0 0
121121202 0 0 0 0 0 0 0 1 0
121120212 0 0 0 0 0 1 0 0 0
121120002 0 0 0 0 0 1 0 0 0
121021200 0 0 0 0 0 0 0 1 0
121021212 0 0 0 1 0 0 0 0 0
121021002 0 0 0 1 0 0 0 0 0
121022100 0 0 0 0 0 0 0 1 0
121022112 0 0 0 1 0 0 0 0 0
121020102 0 0 0 0 0 0 0 1 0
121022010 0 0 0 0 0 0 1 0 0
121022211 0 0 0 1 0 0 0 0 0
121020210 0 0 0 0 0 0 0 0 1
121020012 0 0 0 0 0 1 0 0 0
121022001 0 0 0 1 0 0 0 0 0
121020201 0 0 0 1 0 0 0 0 0
121002000 0 0 0 1 0 0 0 0 0
121102200 0 0 0 0 0 0 0 1 0
121112220 0 0 0 0 0 0 0 0 1
121112202 0 0 0 0 0 0 0 1 0
121102212 0 0 0 0 1 0 0 0 0
121102221 0 0 0 0 1 0 0 0 0
121102020 0 0 0 0 1 0 0 0 0
121112022 0 0 0 0 0 0 1 0 0
121102002 0 0 0 0 0 0 0 1 0
121012200 0 0 0 1 0 0 0 0 0
121012212 0 0 0 1 0 0 0 0 0
121012020 0 0 0 0 0 0 1 0 0
121012002 0 0 0 1 0 0 0 0 0
121002120 0 0 0 1 0 0 0 0 0
121002102 0 0 0 0 1 0 0 0 0
121002210 0 0 0 1 0 0 0 0 0
121002012 0 0 0 0 1 0 0 0 0
121002201 0 0 0 0 0 0 0 1 0
121002021 0 0 0 0 0 0 1 0 0
121000200 0 0 0 0 1 0 0 0 0
121100220 0 0 0 0 0 1 0 0 0
121100202 0 0 0 0 0 1 0 0 0
121010220 0 0 0 0 0 0 0 0 1
121010202 0 0 0 0 0 0 0 1 0
121001220 0 0 0 0 0 0 0 0 1
121001202 0 0 0 0 0 0 0 1 0
121000212 0 0 0 0 1 0 0 0 0
121000221 0 0 0 0 0 1 0 0 0
121000020 0 0 0 0 0 1 0 0 0
121100022 0 0 0 0 0 1 0 0 0
121010022 0 0 0 0 0 0 1 0 0
121001022 0 0 0 0 0 0 1 0 0
121000122 0 0 0 0 1 0 0 0 0
121000002 0 0 0 0 0 0 1 0 0
122100000 0 0 0 0 0 0 1 0 0
122112000 0 0 0 0 0 0 0 1 0
122112210 0 0 0 0 0 0 0 0 1
122110200 0 0 0 0 0 0 0 0 1
122110212 0 0 0 0 0 1 0 0 0
122110020 0 0 0 0 0 0 1 0 0
122110002 0 0 0 0 0 0 1 0 0
122121000 0 0 0 0 0 0 0 0 1
122121012 0 0 0 0 0 0 1 0 0
122101200 0 0 0 0 1 0 0 0 0
122101212 0 0 0 0 1 0 0 0 0
122101221 0 0 0 0 1 0 0 0 0
122101020 0 0 0 0 0 0 1 0 0
122101002 0 0 0 0 1 0 0 0 0
122120010 0 0 0 0 0 0 0 0 1
122122011 0 0 0 0 0 0 1 0 0
122102010 0 0 0 0 0 0 1 0 0
122102211 0 0 0 0 1 0 0 0 0
122100210 0 0 0 0 0 0 0 0 1
122100012 0 0 0 0 0 1 0 0 0
122120001 0 0 0 0 0 0 0 1 0
122102001 0 0 0 0 0 0 0 1 0
122100201 0 0 0 0 0 1 0 0 0
122100021 0 0 0 0 0 1 0 0 0
120120000 0 0 0 0 0 0 0 0 1
120121200 0 0 1 0 0 0 0 0 0
120121212 0 0 1 0 0 0 0 0 0
120121002 0 0 0 0 0 0 0 1 0
120122010 0 0 0 0 0 0 1 0 0
120122211 0 0 1 0 0 0 0 0 0
120120210 0 0 1 0 0 0 0 0 0
120120012 0 0 1 0 0 0 0 0 0
120122001 0 0 1 0 0 0 0 0 0
120120201 0 0 0 0 0 1 0 0 0
120102000 0 0 0 0 0 0 0 1 0
120112200 0 0 1 0 0 0 0 0 0
120112212 0 0 1 0 0 0 0 0 0
120112020 0 0 1 0 0 0 0 0 0
120112002 0 0 0 0 0 0 0 1 0
120102210 0 0 1 0 0 0 0 0 0
120102012 0 0 0 0 1 0 0 0 0
120102201 0 0 0 0 0 0 0 1 0
120102021 0 0 1 0 0 0 0 0 0
120100200 0 0 1 0 0 0 0 0 0
120110220 0 0 0 0 0 1 0 0 0
120110202 0 0 0 0 0 1 0 0 0
120101220 0 0 1 0 0 0 0 0 0
120101202 0 0 0 0 1 0 0 0 0
120100212 0 0 0 0 1 0 0 0 0
120100221 0 0 0 0 1 0 0 0 0
120100020 0 0 1 0 0 0 0 0 0
120110022 0 0 0 0 0 1 0 0 0
120101022 0 0 0 0 1 0 0 0 0
120100002 0 0 1 0 0 0 0 0 0
122010000 0 0 0 0 0 1 0 0 0
122211000 0 0 0 0 0 0 1 0 0
122211120 0 0 0 0 0 0 0 0 1
122211102 0 0 0 0 0 0 0 1 0
122211210 0 0 0 0 0 0 0 0 1
122211012 0 0 0 0 0 0 1 0 0
122011200 0 0 0 1 0 0 0 0 0
122011212 0 0 0 1 0 0 0 0 0
122011020 0 0 0 1 0 0 0 0 0
122011122 0 0 0 1 0 0 0 0 0
122011002 0 0 0 1 0 0 0 0 0
122210100 0 0 0 0 0 1 0 0 0
122212110 0 0 0 0 0 0 0 0 1
122210112 0 0 0 0 0 1 0 0 0
122012100 0 0 0 0 0 0 0 0 1
122010120 0 0 0 0 0 0 0 0 1
122010102 0 0 0 0 0 1 0 0 0
122210010 0 0 0 0 0 1 0 0 0
122012010 0 0 0 0 0 0 0 0 1
122010210 0 0 0 1 0 0 0 0 0
122010012 0 0 0 0 0 1 0 0 0
120210000 0 0 1 0 0 0 0 0 0
120211200 0 0 1 0 0 0 0 0 0
120211212 0 0 1 0 0 0 0 0 0
120211020 0 0 0 0 0 0 0 0 1
120211122 0 0 1 0 0 0 0 0 0
120211002 0 0 0 0 0 0 0 1 0
120212100 0 0 0 0 0 0 0 0 1
120212112 0 0 1 0 0 0 0 0 0
120210120 0 0 1 0 0 0 0 0 0
120210102 0 0 1 0 0 0 0 0 0
120212010 0 0 1 0 0 0 0 0 0
120210210 0 0 0 0 0 1 0 0 0
120210012 0 0 0 0 0 0 1 0 0
120012000 0 0 0 0 0 0 1 0 0
120012120 0 0 1 0 0 0 0 0 0
120012102 0 0 0 0 0 0 0 1 0
120012210 0 0 1 0 0 0 0 0 0
120012012 0 0 0 0 0 0 1 0 0
120010200 0 0 1 0 0 0 0 0 0
120011220 0 0 1 0 0 0 0 0 0
120011202 0 0 1 0 0 0 0 0 0
120010212 0 0 0 1 0 0 0 0 0
120010020 0 0 0 0 0 0 1 0 0
120011022 0 0 0 1 0 0 0 0 0
120010122 0 0 1 0 0 0 0 0 0
120010002 0 0 0 1 0 0 0 0 0
122001000 0 0 0 0 0 0 1 0 0
122201100 0 0 0 0 1 0 0 0 0
122221110 0 0 0 0 0 0 0 0 1
122201112 0 0 0 0 1 0 0 0 0
122221101 0 0 0 0 0 0 0 1 0
122201121 0 0 0 0 1 0 0 0 0
122021100 0 0 0 1 0 0 0 0 0
122021112 0 0 0 1 0 0 0 0 0
122001120 0 0 0 0 0 0 0 0 1
122001102 0 0 0 0 1 0 0 0 0
122201010 0 0 0 0 0 0 0 0 1
122221011 0 0 0 0 0 0 1 0 0
122201211 0 0 0 0 1 0 0 0 0
122021010 0 0 0 1 0 0 0 0 0
122001210 0 0 0 0 1 0 0 0 0
122001012 0 0 0 0 0 0 1 0 0
122201001 0 0 0 0 0 0 1 0 0
122021001 0 0 0 0 0 0 1 0 0
122001201 0 0 0 0 0 0 0 1 0
122001021 0 0 0 1 0 0 0 0 0
120201000 0 0 0 0 1 0 0 0 0
120221100 0 0 0 0 0 0 0 1 0
120221112 0 0 1 0 0 0 0 0 0
120201120 0 0 0 0 0 0 0 0 1
120201102 0 0 1 0 0 0 0 0 0
120221010 0 0 1 0 0 0 0 0 0
120221211 0 0 1 0 0 0 0 0 0
120201210 0 0 0 0 0 0 0 0 1
120201012 0 0 0 0 1 0 0 0 0
120221001 0 0 0 0 0 0 1 0 0
120201201 0 0 1 0 0 0 0 0 0
120201021 0 0 0 0 0 0 1 0 0
120021000 0 0 0 0 0 0 1 0 0
120021102 0 0 1 0 0 0 0 0 0
120021210 0 0 0 0 0 0 0 0 1
120021012 0 0 0 0 0 0 1 0 0
120021201 0 0 0 1 0 0 0 0 0
120001200 0 0 0 1 0 0 0 0 0
120001212 0 0 1 0 0 0 0 0 0
120001221 0 0 1 0 0 0 0 0 0
120001020 0 0 0 0 1 0 0 0 0
120001122 0 0 0 1 0 0 0 0 0
120001002 0 0 0 0 0 0 0 1 0
122000100 0 0 0 0 0 0 0 0 1
122200110 0 0 0 0 0 0 0 0 1
122020110 0 0 0 0 0 0 0 0 1
122002110 0 0 0 0 0 0 0 0 1
122000112 0 0 0 0 1 0 0 0 0
122200101 0 0 0 0 0 1 0 0 0
122020101 0 0 0 0 0 1 0 0 0
122002101 0 0 0 1 0 0 0 0 0
122000121 0 0 0 0 0 1 0 0 0
120200100 0 0 0 0 0 1 0 0 0
120220110 0 0 1 0 0 0 0 0 0
120202110 0 0 1 0 0 0 0 0 0
120200112 0 0 1 0 0 0 0 0 0
120220101 0 0 0 0 0 1 0 0 0
120202101 0 0 1 0 0 0 0 0 0
120200121 0 0 1 0 0 0 0 0 0
120020100 0 0 0 1 0 0 0 0 0
120022110 0 0 0 1 0 0 0 0 0
120020112 0 0 0 0 0 1 0 0 0
120022101 0 0 0 0 0 0 0 1 0
120002100 0 0 1 0 0 0 0 0 0
120002112 0 0 0 1 0 0 0 0 0
120002121 0 0 0 1 0 0 0 0 0
120000120 0 0 0 0 0 1 0 0 0
120000102 0 0 1 0 0 0 0 0 0
122000010 0 0 0 1 0 0 0 0 0
122200011 0 0 0 0 0 1 0 0 0
122020011 0 0 0 0 0 1 0 0 0
122002011 0 0 0 0 1 0 0 0 0
122000211 0 0 0 0 1 0 0 0 0
120200010 0 0 1 0 0 0 0 0 0
120220011 0 0 1 0 0 0 0 0 0
120202011 0 0 0 0 1 0 0 0 0
120200211 0 0 0 0 0 1 0 0 0
120020010 0 0 0 0 0 1 0 0 0
120022011 0 0 0 0 0 0 1 0 0
120020211 0 0 0 0 0 1 0 0 0
120002010 0 0 0 0 0 0 0 0 1
120002211 0 0 0 1 0 0 0 0 0
120000210 0 0 0 0 0 1 0 0 0
120000012 0 0 0 0 0 1 0 0 0
122000001 0 0 0 1 0 0 0 0 0
120200001 0 0 0 0 0 0 1 0 0
120020001 0 0 0 0 0 1 0 0 0
120002001 0 0 0 0 0 0 1 0 0
120000201 0 0 0 0 0 1 0 0 0
120000021 0 0 0 1 0 0 0 0 0
102000000 0 0 0 1 0 0 0 0 0
112200000 0 0 0 0 1 0 0 0 0
112212000 0 0 0 0 0 0 0 1 0
112212120 0 0 0 0 0 0 0 0 1
112210200 0 0 0 0 0 1 0 0 0
112211220 0 0 0 0 0 0 0 0 1
112211202 0 0 0 0 0 0 0 1 0
112210020 0 0 0 0 0 0 1 0 0
112211022 0 0 0 0 0 0 1 0 0
112210122 0 0 0 0 0 1 0 0 0
112210002 0 0 0 0 0 0 0 1 0
112221000 0 0 0 0 0 0 0 1 0
112221120 0 0 0 0 0 0 0 0 1
112221102 0 0 0 0 0 0 0 1 0
112221012 0 0 0 0 0 0 1 0 0
112221021 0 0 0 0 0 0 1 0 0
112201200 0 0 0 0 0 0 0 0 1
112201212 0 0 0 0 1 0 0 0 0
112201221 0 0 0 0 1 0 0 0 0
112201020 0 0 0 0 0 0 0 0 1
112201122 0 0 0 0 1 0 0 0 0
112201002 0 0 0 0 1 0 0 0 0
112220100 0 0 0 0 0 0 0 1 0
112220112 0 0 0 0 0 1 0 0 0
112220121 0 0 0 0 0 1 0 0 0
112202100 0 0 0 0 0 0 0 0 1
112202121 0 0 0 0 1 0 0 0 0
112200120 0 0 0 0 0 1 0 0 0
112200102 0 0 0 0 0 0 0 1 0
112220010 0 0 0 0 0 0 0 0 1
112202010 0 0 0 0 1 0 0 0 0
112202211 0 0 0 0 1 0 0 0 0
112200210 0 0 0 0 1 0 0 0 0
112200012 0 0 0 0 0 1 0 0 0
112220001 0 0 0 0 0 1 0 0 0
112202001 0 0 0 0 1 0 0 0 0
112200201 0 0 0 0 0 0 0 1 0
112200021 0 0 0 0 1 0 0 0 0
112020000 0 0 0 0 0 0 0 1 0
112122000 0 0 0 0 0 0 1 0 0
112122021 0 0 0 0 0 0 1 0 0
112120020 0 0 0 0 0 0 0 0 1
112121022 0 0 0 0 0 0 1 0 0
112120002 0 0 0 0 0 0 0 1 0
112021020 0 0 0 0 0 0 0 0 1
112021122 0 0 0 1 0 0 0 0 0
112021002 0 0 0 0 0 0 0 1 0
112022100 0 0 0 1 0 0 0 0 0
112022121 0 0 0 1 0 0 0 0 0
112020120 0 0 0 1 0 0 0 0 0
112020102 0 0 0 1 0 0 0 0 0
112022010 0 0 0 0 0 0 0 0 1
112020012 0 0 0 0 0 1 0 0 0
112022001 0 0 0 1 0 0 0 0 0
112020021 0 0 0 0 0 1 0 0 0
112002000 0 0 0 0 0 0 0 0 1
112102200 0 0 0 0 0 0 0 0 1
112112220 0 0 0 0 0 0 0 0 1
112102221 0 0 0 0 1 0 0 0 0
112102020 0 0 0 0 1 0 0 0 0
112012200 0 0 0 0 0 0 0 1 0
112012020 0 0 0 0 0 0 1 0 0
112002120 0 0 0 1 0 0 0 0 0
112002210 0 0 0 0 1 0 0 0 0
112002201 0 0 0 1 0 0 0 0 0
112002021 0 0 0 0 1 0 0 0 0
112000200 0 0 0 0 0 0 0 1 0
112100220 0 0 0 0 0 0 0 0 1
112100202 0 0 0 0 0 1 0 0 0
112010220 0 0 0 0 0 0 0 0 1
112010202 0 0 0 0 0 0 0 1 0
112001220 0 0 0 0 1 0 0 0 0
112001202 0 0 0 0 1 0 0 0 0
112000212 0 0 0 1 0 0 0 0 0
112000221 0 0 0 0 1 0 0 0 0
112000020 0 0 0 0 1 0 0 0 0
112100022 0 0 0 0 1 0 0 0 0
112010022 0 0 0 0 0 1 0 0 0
112001022 0 0 0 0 1 0 0 0 0
112000122 0 0 0 0 0 1 0 0 0
112000002 0 0 0 0 0 0 0 1 0
102120000 0 0 0 0 0 0 0 1 0
102121020 0 0 0 0 0 0 0 0 1
102121002 0 0 0 0 0 0 1 0 0
102122010 0 0 0 0 0 0 1 0 0
102120012 0 0 0 0 0 0 1 0 0
102122001 0 0 0 0 0 0 1 0 0
102120021 0 0 0 0 0 0 1 0 0
102102000 0 0 0 0 1 0 0 0 0
102112200 0 0 0 0 0 0 0 0 1
102112020 0 0 0 0 0 0 0 0 1
102102210 0 1 0 0 0 0 0 0 0
102102201 0 1 0 0 0 0 0 0 0
102102021 0 1 0 0 0 0 0 0 0
102100200 0 0 0 0 1 0 0 0 0
102110220 0 1 0 0 0 0 0 0 0
102110202 0 1 0 0 0 0 0 0 0
102101220 0 0 0 0 0 0 0 0 1
102101202 0 0 0 0 1 0 0 0 0
102100212 0 1 0 0 0 0 0 0 0
102100221 0 0 0 0 1 0 0 0 0
102100020 0 1 0 0 0 0 0 0 0
102110022 0 0 0 0 0 1 0 0 0
102101022 0 1 0 0 0 0 0 0 0
102100002 0 0 0 0 1 0 0 0 0
102210000 0 0 0 0 0 0 0 1 0
102211200 0 0 0 0 0 0 0 0 1
102211212 0 1 0 0 0 0 0 0 0
102211020 0 0 0 0 0 0 0 0 1
102211122 0 1 0 0 0 0 0 0 0
102211002 0 1 0 0 0 0 0 0 0
102212100 0 1 0 0 0 0 0 0 0
102210120 0 0 0 0 0 0 0 0 1
102210102 0 0 0 0 0 0 0 1 0
102212010 0 1 0 0 0 0 0 0 0
102210210 0 0 0 0 0 1 0 0 0
102210012 0 0 0 0 0 1 0 0 0
102012000 0 0 0 0 0 0 0 1 0
102012120 0 0 0 0 0 0 0 0 1
102012210 0 0 0 1 0 0 0 0 0
102010200 0 0 0 1 0 0 0 0 0
102011220 0 0 0 1 0 0 0 0 0
102011202 0 1 0 0 0 0 0 0 0
102010212 0 1 0 0 0 0 0 0 0
102010020 0 0 0 0 0 0 0 0 1
102011022 0 1 0 0 0 0 0 0 0
102010122 0 0 0 0 0 1 0 0 0
102010002 0 0 0 0 0 1 0 0 0
102201000 0 0 0 0 0 0 0 0 1
102221100 0 0 0 0 0 0 0 1 0
102221112 0 1 0 0 0 0 0 0 0
102221121 0 1 0 0 0 0 0 0 0
102201120 0 1 0 0 0 0 0 0 0
102201102 0 0 0 0 1 0 0 0 0
102221010 0 0 0 0 0 0 0 0 1
102201210 0 0 0 0 1 0 0 0 0
102201012 0 1 0 0 0 0 0 0 0
102221001 0 0 0 0 0 0 0 1 0
102201201 0 1 0 0 0 0 0 0 0
102201021 0 0 0 0 0 0 1 0 0
102021000 0 0 0 0 0 0 0 1 0
102021120 0 1 0 0 0 0 0 0 0
102021102 0 0 0 1 0 0 0 0 0
102021012 0 0 0 0 0 0 1 0 0
102021021 0 1 0 0 0 0 0 0 0
102001200 0 0 0 0 0 0 0 0 1
102001212 0 0 0 1 0 0 0 0 0
102001221 0 0 0 1 0 0 0 0 0
102001020 0 0 0 0 0 0 1 0 0
102001122 0 1 0 0 0 0 0 0 0
102001002 0 0 0 0 1 0 0 0 0
102200100 0 0 0 0 1 0 0 0 0
102220110 0 0 0 0 0 0 0 0 1
102202110 0 0 0 0 0 0 0 0 1
102200112 0 0 0 0 1 0 0 0 0
102220101 0 0 0 0 0 1 0 0 0
102202101 0 1 0 0 0 0 0 0 0
102200121 0 0 0 0 1 0 0 0 0
102020100 0 0 0 0 0 0 0 0 1
102022110 0 0 0 1 0 0 0 0 0
102020112 0 1 0 0 0 0 0 0 0
102022101 0 1 0 0 0 0 0 0 0
102020121 0 0 0 1 0 0 0 0 0
102002100 0 0 0 1 0 0 0 0 0
102002121 0 0 0 1 0 0 0 0 0
102000120 0 0 0 0 0 0 0 0 1
102000102 0 0 0 0 0 0 0 1 0
102200010 0 0 0 0 0 0 1 0 0
102220011 0 1 0 0 0 0 0 0 0
102202011 0 0 0 0 0 0 1 0 0
102200211 0 0 0 0 0 1 0 0 0
102020010 0 0 0 1 0 0 0 0 0
102022011 0 1 0 0 0 0 0 0 0
102002010 0 1 0 0 0 0 0 0 0
102002211 0 1 0 0 0 0 0 0 0
102000210 0 0 0 0 0 0 0 0 1
102000012 0 1 0 0 0 0 0 0 0
102200001 0 0 0 0 0 1 0 0 0
102020001 0 1 0 0 0 0 0 0 0
102002001 0 1 0 0 0 0 0 0 0
102000201 0 0 0 0 0 1 0 0 0
102000021 0 0 0 0 0 1 0 0 0
100200000 0 0 0 0 0 0 1 0 0
110220000 0 0 0 0 0 0 0 0 1
110221200 0 0 0 0 0 0 0 1 0
110221212 0 0 1 0 0 0 0 0 0
110221221 0 0 1 0 0 0 0 0 0
110221020 0 0 1 0 0 0 0 0 0
110221122 0 0 1 0 0 0 0 0 0
110221002 0 0 1 0 0 0 0 0 0
110220120 0 0 1 0 0 0 0 0 0
110220102 0 0 0 0 0 0 0 1 0
110220210 0 0 0 0 0 1 0 0 0
110220012 0 0 1 0 0 0 0 0 0
110220201 0 0 0 0 0 1 0 0 0
110220021 0 0 0 0 0 1 0 0 0
110202000 0 0 0 0 1 0 0 0 0
110212200 0 0 0 0 0 0 0 0 1
110212020 0 0 0 0 0 0 0 0 1
110212122 0 0 1 0 0 0 0 0 0
110212002 0 0 0 0 0 0 1 0 0
110202120 0 0 0 0 0 0 0 0 1
110202102 0 0 1 0 0 0 0 0 0
110202210 0 0 0 0 0 0 0 0 1
110202012 0 0 0 0 1 0 0 0 0
110202201 0 0 0 0 0 0 0 1 0
110202021 0 0 0 0 0 0 1 0 0
110200200 0 0 0 0 0 0 0 0 1
110210220 0 0 1 0 0 0 0 0 0
110210202 0 0 0 0 0 1 0 0 0
110201220 0 0 0 0 1 0 0 0 0
110201202 0 0 0 0 0 0 0 1 0
110200212 0 0 1 0 0 0 0 0 0
110200221 0 0 0 0 1 0 0 0 0
110200020 0 0 0 0 0 0 1 0 0
110210022 0 0 1 0 0 0 0 0 0
110201022 0 0 1 0 0 0 0 0 0
110200122 0 0 0 0 0 1 0 0 0
110200002 0 0 0 0 0 0 1 0 0
101220000 0 0 0 0 0 1 0 0 0
101221200 0 0 0 0 0 0 0 0 1
101221212 0 1 0 0 0 0 0 0 0
101221020 0 1 0 0 0 0 0 0 0
101221122 0 1 0 0 0 0 0 0 0
101221002 0 0 0 0 0 0 1 0 0
101220120 0 1 0 0 0 0 0 0 0
101220102 0 1 0 0 0 0 0 0 0
101220210 0 1 0 0 0 0 0 0 0
101220012 0 1 0 0 0 0 0 0 0
101220201 0 0 0 0 0 1 0 0 0
101220021 0 0 0 0 0 0 1 0 0
101202000 0 0 0 0 1 0 0 0 0
101212200 0 1 0 0 0 0 0 0 0
101212212 0 1 0 0 0 0 0 0 0
101212020 0 0 0 0 0 0 0 0 1
101212002 0 0 0 0 0 0 0 1 0
101202120 0 0 0 0 0 0 0 0 1
101202102 0 0 0 0 1 0 0 0 0
101202210 0 1 0 0 0 0 0 0 0
101202012 0 1 0 0 0 0 0 0 0
101202201 0 1 0 0 0 0 0 0 0
101202021 0 0 0 0 1 0 0 0 0
101200200 0 0 0 0 0 0 0 0 1
101210220 0 0 0 0 0 1 0 0 0
101210202 0 0 0 0 0 0 0 1 0
101201220 0 1 0 0 0 0 0 0 0
101201202 0 0 0 0 1 0 0 0 0
101200212 0 0 0 0 1 0 0 0 0
101200221 0 0 0 0 1 0 0 0 0
101200020 0 0 0 0 0 1 0 0 0
101210022 0 1 0 0 0 0 0 0 0
101201022 0 0 0 0 0 0 1 0 0
101200122 0 0 0 0 1 0 0 0 0
101200002 0 0 0 0 0 0 1 0 0
100212000 0 0 0 0 0 0 0 1 0
100212120 0 1 0 0 0 0 0 0 0
100212102 0 0 1 0 0 0 0 0 0
100212210 0 0 1 0 0 0 0 0 0
100212012 0 0 1 0 0 0 0 0 0
100210200 0 1 0 0 0 0 0 0 0
100211220 0 0 1 0 0 0 0 0 0
100211202 0 0 0 0 0 0 0 1 0
100210212 0 1 0 0 0 0 0 0 0
100210020 0 0 0 0 0 0 0 0 1
100211022 0 1 0 0 0 0 0 0 0
100210122 0 0 1 0 0 0 0 0 0
100210002 0 1 0 0 0 0 0 0 0
100221000 0 0 0 0 0 0 0 0 1
100221120 0 0 1 0 0 0 0 0 0
100221102 0 0 1 0 0 0 0 0 0
100221210 0 0 1 0 0 0 0 0 0
100221012 0 0 0 0 0 0 1 0 0
100221201 0 0 1 0 0 0 0 0 0
100221021 0 1 0 0 0 0 0 0 0
100201200 0 0 0 0 1 0 0 0 0
100201212 0 0 0 0 1 0 0 0 0
100201221 0 0 0 0 1 0 0 0 0
100201020 0 0 0 0 1 0 0 0 0
100201122 0 0 1 0 0 0 0 0 0
100201002 0 0 0 0 0 0 0 1 0
100220100 0 1 0 0 0 0 0 0 0
100220112 0 0 0 0 0 1 0 0 0
100220121 0 0 0 0 0 1 0 0 0
100202100 0 0 0 0 0 0 0 0 1
100202112 0 1 0 0 0 0 0 0 0
100202121 0 1 0 0 0 0 0 0 0
100200120 0 0 0 0 1 0 0 0 0
100200102 0 0 1 0 0 0 0 0 0
100220010 0 0 1 0 0 0 0 0 0
100220211 0 1 0 0 0 0 0 0 0
100202010 0 0 0 0 0 0 1 0 0
100202211 0 0 0 0 1 0 0 0 0
100200210 0 0 0 0 0 0 0 0 1
100200012 0 0 0 0 0 1 0 0 0
100220001 0 0 0 0 0 1 0 0 0
100202001 0 0 1 0 0 0 0 0 0
100200201 0 0 1 0 0 0 0 0 0
100200021 0 0 0 0 0 1 0 0 0
100020000 0 0 1 0 0 0 0 0 0
110022000 0 0 1 0 0 0 0 0 0
110122200 0 0 0 0 0 0 0 1 0
110122212 0 0 1 0 0 0 0 0 0
110122221 0 0 1 0 0 0 0 0 0
110122020 0 0 0 0 0 0 0 0 1
110122002 0 0 0 0 0 0 0 1 0
110022120 0 0 0 0 0 0 0 0 1
110022102 0 0 0 1 0 0 0 0 0
110022210 0 0 1 0 0 0 0 0 0
110022012 0 0 0 1 0 0 0 0 0
110022201 0 0 0 0 0 0 0 1 0
110022021 0 0 0 0 0 0 1 0 0
110020200 0 0 0 0 0 1 0 0 0
110120220 0 0 0 0 0 1 0 0 0
110120202 0 0 0 0 0 1 0 0 0
110021220 0 0 0 0 0 0 0 0 1
110021202 0 0 0 1 0 0 0 0 0
110020212 0 0 0 1 0 0 0 0 0
110020221 0 0 0 0 0 1 0 0 0
110020020 0 0 0 0 0 0 1 0 0
110120022 0 0 0 0 0 0 1 0 0
110021022 0 0 0 0 0 0 1 0 0
110020122 0 0 0 0 0 1 0 0 0
110020002 0 0 0 1 0 0 0 0 0
101022000 0 0 0 1 0 0 0 0 0
101122200 0 1 0 0 0 0 0 0 0
101122212 0 1 0 0 0 0 0 0 0
101122221 0 1 0 0 0 0 0 0 0
101122020 0 1 0 0 0 0 0 0 0
101122002 0 0 0 0 0 0 0 1 0
101022120 0 0 0 0 0 0 0 0 1
101022102 0 0 0 1 0 0 0 0 0
101022210 0 0 0 1 0 0 0 0 0
101022012 0 0 0 0 0 0 1 0 0
101022201 0 1 0 0 0 0 0 0 0
101022021 0 0 0 0 0 0 1 0 0
101020200 0 1 0 0 0 0 0 0 0
101120220 0 0 0 0 0 0 0 0 1
101120202 0 0 0 0 0 1 0 0 0
101021220 0 0 0 1 0 0 0 0 0
101021202 0 0 0 0 0 0 0 1 0
101020212 0 1 0 0 0 0 0 0 0
101020221 0 1 0 0 0 0 0 0 0
101020020 0 0 0 1 0 0 0 0 0
101120022 0 0 0 0 0 0 1 0 0
101021022 0 0 0 0 0 0 1 0 0
101020122 0 0 0 1 0 0 0 0 0
101020002 0 0 0 0 0 0 1 0 0
100122000 0 1 0 0 0 0 0 0 0
100122210 0 1 0 0 0 0 0 0 0
100122012 0 1 0 0 0 0 0 0 0
100122201 0 0 0 0 0 0 0 1 0
100122021 0 0 0 0 0 0 1 0 0
100120200 0 0 0 0 0 0 0 0 1
100121220 0 0 0 0 0 0 0 0 1
100121202 0 0 1 0 0 0 0 0 0
100120212 0 0 1 0 0 0 0 0 0
100120221 0 0 1 0 0 0 0 0 0
100120020 0 0 1 0 0 0 0 0 0
100121022 0 0 0 0 0 0 1 0 0
100120002 0 0 1 0 0 0 0 0 0
100021200 0 0 0 0 0 0 0 0 1
100021212 0 0 0 1 0 0 0 0 0
100021221 0 0 1 0 0 0 0 0 0
100021020 0 0 1 0 0 0 0 0 0
100021122 0 1 0 0 0 0 0 0 0
100021002 0 0 0 0 0 0 1 0 0
100022100 0 1 0 0 0 0 0 0 0
100022112 0 1 0 0 0 0 0 0 0
100022121 0 0 1 0 0 0 0 0 0
100020120 0 0 0 0 0 1 0 0 0
100020102 0 0 0 0 0 0 0 1 0
100022010 0 0 0 0 0 0 1 0 0
100022211 0 0 1 0 0 0 0 0 0
100020210 0 0 0 0 0 0 0 0 1
100020012 0 0 1 0 0 0 0 0 0
100022001 0 1 0 0 0 0 0 0 0
100020201 0 0 0 0 0 0 0 1 0
100020021 0 0 1 0 0 0 0 0 0
100002000 0 0 1 0 0 0 0 0 0
110002200 0 0 0 0 0 0 0 1 0
110102220 0 0 0 0 0 0 0 0 1
110102202 0 0 0 0 1 0 0 0 0
110012220 0 0 0 0 0 0 0 0 1
110012202 0 0 1 0 0 0 0 0 0
110002212 0 0 0 1 0 0 0 0 0
110002221 0 0 1 0 0 0 0 0 0
110002020 0 0 1 0 0 0 0 0 0
110102022 0 0 1 0 0 0 0 0 0
110012022 0 0 1 0 0 0 0 0 0
110002122 0 0 1 0 0 0 0 0 0
110002002 0 0 0 1 0 0 0 0 0
101002200 0 0 0 1 0 0 0 0 0
101102220 0 1 0 0 0 0 0 0 0
101102202 0 0 0 0 1 0 0 0 0
101012220 0 1 0 0 0 0 0 0 0
101012202 0 1 0 0 0 0 0 0 0
101002212 0 0 0 1 0 0 0 0 0
101002221 0 0 0 0 1 0 0 0 0
101002020 0 0 0 0 1 0 0 0 0
101102022 0 1 0 0 0 0 0 0 0
101012022 0 0 0 1 0 0 0 0 0
101002122 0 1 0 0 0 0 0 0 0
101002002 0 0 0 0 1 0 0 0 0
100102200 0 1 0 0 0 0 0 0 0
100112220 0 1 0 0 0 0 0 0 0
100112202 0 1 0 0 0 0 0 0 0
100102212 0 1 0 0 0 0 0 0 0
100102221 0 0 1 0 0 0 0 0 0
100102020 0 1 0 0 0 0 0 0 0
100112022 0 1 0 0 0 0 0 0 0
100102002 0 0 0 0 1 0 0 0 0
100012200 0 0 1 0 0 0 0 0 0
100012212 0 0 1 0 0 0 0 0 0
100012020 0 0 0 1 0 0 0 0 0
100012122 0 1 0 0 0 0 0 0 0
100012002 0 0 1 0 0 0 0 0 0
100002120 0 0 0 1 0 0 0 0 0
100002102 0 0 0 0 1 0 0 0 0
100002210 0 1 0 0 0 0 0 0 0
100002012 0 0 0 1 0 0 0 0 0
100002201 0 0 0 0 0 0 0 1 0
100002021 0 0 0 1 0 0 0 0 0
100000200 0 0 0 0 1 0 0 0 0
110000220 0 0 0 0 1 0 0 0 0
110000202 0 0 0 1 0 0 0 0 0
101000220 0 0 0 0 1 0 0 0 0
101000202 0 1 0 0 0 0 0 0 0
100100220 0 0 0 0 1 0 0 0 0
100100202 0 0 1 0 0 0 0 0 0
100010220 0 1 0 0 0 0 0 0 0
100010202 0 0 0 0 0 1 0 0 0
100001220 0 0 0 0 1 0 0 0 0
100001202 0 1 0 0 0 0 0 0 0
100000212 0 0 0 0 0 1 0 0 0
100000221 0 1 0 0 0 0 0 0 0
100000020 0 0 0 0 0 1 0 0 0
110000022 0 0 0 0 0 0 1 0 0
101000022 0 1 0 0 0 0 0 0 0
100100022 0 0 0 0 0 1 0 0 0
100010022 0 0 0 0 0 0 1 0 0
100001022 0 0 1 0 0 0 0 0 0
100000122 0 0 1 0 0 0 0 0 0
100000002 0 0 1 0 0 0 0 0 0
210000000 0 0 0 0 1 0 0 0 0
211200000 0 0 0 0 0 0 0 0 1
211212000 0 0 0 0 0 0 0 1 0
211212021 0 0 0 0 0 0 1 0 0
211210020 0 0 0 0 0 0 0 0 1
211211022 0 0 0 0 0 0 1 0 0
211210002 0 0 0 0 0 1 0 0 0
211221000 0 0 0 0 0 0 0 1 0
211221120 0 0 0 0 0 0 0 0 1
211201020 0 0 0 0 1 0 0 0 0
211201122 0 0 0 0 1 0 0 0 0
211201002 0 0 0 0 0 0 1 0 0
211220100 0 0 0 0 0 0 0 1 0
211220121 0 0 0 0 0 1 0 0 0
211202100 0 0 0 0 0 0 0 1 0
211202112 0 0 0 0 1 0 0 0 0
211202121 0 0 0 0 1 0 0 0 0
211200120 0 0 0 0 0 0 0 0 1
211200102 0 0 0 0 0 1 0 0 0
211220010 0 0 0 0 0 0 0 0 1
211202010 0 0 0 0 0 0 0 0 1
211200012 0 0 0 0 0 0 1 0 0
211220001 0 0 0 0 0 0 1 0 0
211202001 0 0 0 0 0 0 1 0 0
211200021 0 0 0 0 0 0 1 0 0
211020000 0 0 0 0 0 0 0 1 0
211122000 0 0 0 0 0 0 0 0 1
211122120 0 0 0 0 0 0 0 0 1
211122210 0 0 0 0 0 0 0 0 1
211122201 0 0 0 0 0 0 0 1 0
211122021 0 0 0 0 0 0 1 0 0
211120200 0 0 0 0 0 1 0 0 0
211121220 0 0 0 0 0 0 0 0 1
211120221 0 0 0 0 0 1 0 0 0
211120020 0 0 0 0 0 1 0 0 0
211021200 0 0 0 1 0 0 0 0 0
211021020 0 0 0 1 0 0 0 0 0
211022100 0 0 0 0 0 0 0 0 1
211022121 0 0 0 1 0 0 0 0 0
211020120 0 0 0 0 0 1 0 0 0
211022010 0 0 0 0 0 0 0 0 1
211022211 0 0 0 1 0 0 0 0 0
211020210 0 0 0 1 0 0 0 0 0
211022001 0 0 0 0 0 0 0 1 0
211020201 0 0 0 1 0 0 0 0 0
211020021 0 0 0 0 0 1 0 0 0
211002000 0 0 0 0 0 0 0 0 1
211102200 0 0 0 0 1 0 0 0 0
211112220 0 0 0 0 0 0 0 0 1
211112202 0 0 0 0 0 0 0 1 0
211102212 0 0 0 0 1 0 0 0 0
211102221 0 0 0 0 1 0 0 0 0
211102020 0 0 0 0 0 0 1 0 0
211112022 0 0 0 0 0 0 1 0 0
211102122 0 0 0 0 1 0 0 0 0
211102002 0 0 0 0 0 0 0 1 0
211012200 0 0 0 0 0 0 0 0 1
211012221 0 0 0 1 0 0 0 0 0
211012020 0 0 0 0 0 0 0 0 1
211012002 0 0 0 1 0 0 0 0 0
211002120 0 0 0 0 0 0 0 0 1
211002102 0 0 0 1 0 0 0 0 0
211002210 0 0 0 0 1 0 0 0 0
211002012 0 0 0 1 0 0 0 0 0
211002201 0 0 0 0 1 0 0 0 0
211002021 0 0 0 1 0 0 0 0 0
211000200 0 0 0 0 0 0 0 1 0
211100220 0 0 0 0 0 1 0 0 0
211100202 0 0 0 0 0 1 0 0 0
211010220 0 0 0 0 0 1 0 0 0
211010202 0 0 0 1 0 0 0 0 0
211001220 0 0 0 0 1 0 0 0 0
211001202 0 0 0 1 0 0 0 0 0
211000212 0 0 0 0 1 0 0 0 0
211000221 0 0 0 1 0 0 0 0 0
211000020 0 0 0 0 1 0 0 0 0
211100022 0 0 0 0 1 0 0 0 0
211010022 0 0 0 0 0 0 1 0 0
211001022 0 0 0 1 0 0 0 0 0
211000122 0 0 0 0 0 1 0 0 0
211000002 0 0 0 0 0 0 0 1 0
212100000 0 0 0 0 0 1 0 0 0
212112000 0 0 0 0 0 0 1 0 0
212112120 0 0 0 0 0 0 0 0 1
212112201 0 0 0 0 0 0 0 1 0
212112021 0 0 0 0 0 0 1 0 0
212110200 0 0 0 0 0 1 0 0 0
212110221 0 0 0 0 0 1 0 0 0
212110020 0 0 0 0 0 1 0 0 0
212110122 0 0 0 0 0 1 0 0 0
212110002 0 0 0 0 0 0 0 1 0
212121000 0 0 0 0 0 0 0 1 0
212121120 0 0 0 0 0 0 0 0 1
212121021 0 0 0 0 0 0 1 0 0
212101200 0 0 0 0 1 0 0 0 0
212101212 0 0 0 0 1 0 0 0 0
212101221 0 0 0 0 1 0 0 0 0
212101020 0 0 0 0 1 0 0 0 0
212101122 0 0 0 0 1 0 0 0 0
212101002 0 0 0 0 0 0 1 0 0
212120100 0 0 0 0 0 0 0 0 1
212122110 0 0 0 0 0 0 0 0 1
212122101 0 0 0 0 0 0 0 1 0
212120121 0 0 0 0 0 1 0 0 0
212102100 0 0 0 0 0 0 0 0 1
212102121 0 0 0 0 1 0 0 0 0
212100120 0 0 0 0 0 0 0 0 1
212100102 0 0 0 0 1 0 0 0 0
212120010 0 0 0 0 0 0 0 0 1
212122011 0 0 0 0 0 0 1 0 0
212102010 0 0 0 0 0 0 1 0 0
212102211 0 0 0 0 1 0 0 0 0
212100210 0 0 0 0 0 1 0 0 0
212100012 0 0 0 0 0 0 1 0 0
212120001 0 0 0 0 0 0 0 1 0
212102001 0 0 0 0 1 0 0 0 0
212100201 0 0 0 0 1 0 0 0 0
212100021 0 0 0 0 0 0 1 0 0
210120000 0 0 0 0 0 0 0 1 0
210121200 0 0 1 0 0 0 0 0 0
210121221 0 0 1 0 0 0 0 0 0
210121020 0 0 0 0 0 0 0 0 1
210122100 0 0 1 0 0 0 0 0 0
210122121 0 0 1 0 0 0 0 0 0
210120120 0 0 1 0 0 0 0 0 0
210122010 0 0 1 0 0 0 0 0 0
210122211 0 0 1 0 0 0 0 0 0
210120210 0 0 0 0 0 1 0 0 0
210122001 0 0 0 0 0 0 1 0 0
210120201 0 0 0 0 0 0 0 1 0
210120021 0 0 0 0 0 0 1 0 0
210102000 0 0 0 0 1 0 0 0 0
210112200 0 0 0 0 0 0 0 1 0
210112221 0 0 1 0 0 0 0 0 0
210112020 0 0 1 0 0 0 0 0 0
210112122 0 0 1 0 0 0 0 0 0
210112002 0 0 0 0 0 0 1 0 0
210102120 0 0 1 0 0 0 0 0 0
210102102 0 0 0 0 0 0 0 1 0
210102210 0 0 1 0 0 0 0 0 0
210102012 0 0 0 0 1 0 0 0 0
210102201 0 0 0 0 0 0 0 1 0
210102021 0 0 1 0 0 0 0 0 0
210100200 0 0 0 0 0 0 0 1 0
210110220 0 0 1 0 0 0 0 0 0
210110202 0 0 0 0 0 0 0 1 0
210101220 0 0 0 0 0 0 0 0 1
210101202 0 0 0 0 1 0 0 0 0
210100212 0 0 1 0 0 0 0 0 0
210100221 0 0 1 0 0 0 0 0 0
210100020 0 0 1 0 0 0 0 0 0
210110022 0 0 0 0 0 1 0 0 0
210101022 0 0 0 0 1 0 0 0 0
210100122 0 0 1 0 0 0 0 0 0
210100002 0 0 1 0 0 0 0 0 0
212010000 0 0 0 0 0 0 0 1 0
212211000 0 0 0 0 0 0 1 0 0
212211120 0 0 0 0 0 0 0 0 1
212211102 0 0 0 0 0 0 0 1 0
212211021 0 0 0 0 0 0 1 0 0
212011200 0 0 0 1 0 0 0 0 0
212011221 0 0 0 1 0 0 0 0 0
212011020 0 0 0 0 0 0 0 0 1
212011122 0 0 0 1 0 0 0 0 0
212011002 0 0 0 1 0 0 0 0 0
212210100 0 0 0 0 0 0 0 1 0
212212101 0 0 0 0 0 0 0 1 0
212210121 0 0 0 0 0 1 0 0 0
212012100 0 0 0 0 0 0 0 1 0
212012121 0 0 0 1 0 0 0 0 0
212010120 0 0 0 0 0 0 0 0 1
212010102 0 0 0 1 0 0 0 0 0
212210001 0 0 0 0 0 1 0 0 0
212012001 0 0 0 1 0 0 0 0 0
212010201 0 0 0 0 0 1 0 0 0
212010021 0 0 0 1 0 0 0 0 0
210210000 0 0 0 0 0 1 0 0 0
210211020 0 0 1 0 0 0 0 0 0
210211122 0 0 1 0 0 0 0 0 0
210211002 0 0 0 0 0 0 0 1 0
210212100 0 0 0 0 0 0 0 0 1
210212121 0 0 1 0 0 0 0 0 0
210210120 0 0 0 0 0 0 0 0 1
210210102 0 0 0 0 0 0 0 1 0
210212001 0 0 0 0 0 0 1 0 0
210210021 0 0 0 0 0 0 1 0 0
210012000 0 0 0 0 0 0 0 0 1
210012120 0 0 0 0 0 0 0 0 1
210012102 0 0 0 1 0 0 0 0 0
210012201 0 0 0 0 0 0 0 1 0
210012021 0 0 0 1 0 0 0 0 0
210010200 0 0 0 0 0 0 0 1 0
210011220 0 0 0 1 0 0 0 0 0
210011202 0 0 0 0 0 0 0 1 0
210010221 0 0 0 1 0 0 0 0 0
210010020 0 0 0 1 0 0 0 0 0
210011022 0 0 0 0 0 0 1 0 0
210010122 0 0 1 0 0 0 0 0 0
210010002 0 0 0 0 0 1 0 0 0
212001000 0 0 0 0 0 0 0 0 1
212201100 0 0 0 0 1 0 0 0 0
212221110 0 0 0 0 0 0 0 0 1
212201112 0 0 0 0 1 0 0 0 0
212221101 0 0 0 0 0 0 0 1 0
212201121 0 0 0 0 1 0 0 0 0
212021100 0 0 0 0 0 0 0 1 0
212021121 0 0 0 1 0 0 0 0 0
212001120 0 0 0 0 1 0 0 0 0
212001102 0 0 0 1 0 0 0 0 0
212201010 0 0 0 0 0 0 1 0 0
212221011 0 0 0 0 0 0 1 0 0
212021010 0 0 0 1 0 0 0 0 0
212001210 0 0 0 0 0 0 0 0 1
212001012 0 0 0 1 0 0 0 0 0
212201001 0 0 0 0 0 0 0 1 0
212021001 0 0 0 0 0 0 0 1 0
212001201 0 0 0 0 0 0 0 1 0
212001021 0 0 0 1 0 0 0 0 0
210201000 0 0 0 0 0 0 0 0 1
210221100 0 0 1 0 0 0 0 0 0
210221121 0 0 1 0 0 0 0 0 0
210201120 0 0 0 0 1 0 0 0 0
210201102 0 0 0 0 0 0 0 1 0
210221010 0 0 0 0 0 0 0 0 1
210201012 0 0 0 0 0 0 1 0 0
210221001 0 0 0 0 0 0 0 1 0
210201021 0 0 0 0 1 0 0 0 0
210021000 0 0 1 0 0 0 0 0 0
210021120 0 0 1 0 0 0 0 0 0
210021210 0 0 1 0 0 0 0 0 0
210021201 0 0 0 1 0 0 0 0 0
210021021 0 0 0 1 0 0 0 0 0
210001200 0 0 0 0 0 0 0 0 1
210001212 0 0 0 1 0 0 0 0 0
210001221 0 0 0 1 0 0 0 0 0
210001020 0 0 0 0 1 0 0 0 0
210001122 0 0 0 0 1 0 0 0 0
210001002 0 0 1 0 0 0 0 0 0
212000100 0 0 0 0 0 1 0 0 0
212200110 0 0 0 0 1 0 0 0 0
212020110 0 0 0 0 0 1 0 0 0
212002110 0 0 0 1 0 0 0 0 0
212000112 0 0 0 1 0 0 0 0 0
212200101 0 0 0 0 0 0 0 1 0
212020101 0 0 0 1 0 0 0 0 0
212002101 0 0 0 0 1 0 0 0 0
212000121 0 0 0 1 0 0 0 0 0
210200100 0 0 0 0 0 0 0 0 1
210220110 0 0 1 0 0 0 0 0 0
210202110 0 0 0 0 0 0 0 0 1
210200112 0 0 0 0 1 0 0 0 0
210220101 0 0 0 0 0 0 0 1 0
210202101 0 0 1 0 0 0 0 0 0
210200121 0 0 1 0 0 0 0 0 0
210020100 0 0 1 0 0 0 0 0 0
210022110 0 0 0 1 0 0 0 0 0
210022101 0 0 1 0 0 0 0 0 0
210020121 0 0 0 1 0 0 0 0 0
210002100 0 0 1 0 0 0 0 0 0
210002112 0 0 1 0 0 0 0 0 0
210002121 0 0 0 1 0 0 0 0 0
210000120 0 0 0 0 0 1 0 0 0
210000102 0 0 0 0 0 0 0 1 0
212000010 0 0 0 1 0 0 0 0 0
212200011 0 0 0 0 0 1 0 0 0
212020011 0 0 0 0 0 1 0 0 0
212002011 0 0 0 0 0 0 1 0 0
212000211 0 0 0 0 1 0 0 0 0
210200010 0 0 1 0 0 0 0 0 0
210220011 0 0 0 0 0 0 1 0 0
210202011 0 0 1 0 0 0 0 0 0
210020010 0 0 0 0 0 0 1 0 0
210022011 0 0 0 1 0 0 0 0 0
210020211 0 0 0 0 0 1 0 0 0
210002010 0 0 0 1 0 0 0 0 0
210002211 0 0 0 1 0 0 0 0 0
210000210 0 0 0 1 0 0 0 0 0
210000012 0 0 0 1 0 0 0 0 0
212000001 0 0 0 0 0 0 0 1 0
210200001 0 0 0 0 0 0 1 0 0
210020001 0 0 0 0 0 1 0 0 0
210002001 0 0 1 0 0 0 0 0 0
210000201 0 0 0 0 0 1 0 0 0
210000021 0 0 0 0 1 0 0 0 0
012000000 0 0 0 0 0 0 0 1 0
012120000 0 0 0 0 0 0 1 0 0
012121020 0 0 0 0 0 0 0 0 1
012121122 1 0 0 0 0 0 0 0 0
012121002 0 0 0 0 0 0 1 0 0
012122100 1 0 0 0 0 0 0 0 0
012122121 1 0 0 0 0 0 0 0 0
012120120 1 0 0 0 0 0 0 0 0
012120102 0 0 0 0 0 0 0 1 0
012122010 1 0 0 0 0 0 0 0 0
012120012 0 0 0 0 0 0 1 0 0
012122001 1 0 0 0 0 0 0 0 0
012120021 0 0 0 0 0 1 0 0 0
012102000 0 0 0 0 0 0 0 0 1
012112200 1 0 0 0 0 0 0 0 0
012112221 1 0 0 0 0 0 0 0 0
012112020 1 0 0 0 0 0 0 0 0
012102120 0 0 0 0 0 0 0 0 1
012102210 1 0 0 0 0 0 0 0 0
012102201 0 0 0 0 1 0 0 0 0
012102021 1 0 0 0 0 0 0 0 0
012100200 0 0 0 0 0 1 0 0 0
012110220 0 0 0 0 0 1 0 0 0
012110202 1 0 0 0 0 0 0 0 0
012101220 1 0 0 0 0 0 0 0 0
012101202 1 0 0 0 0 0 0 0 0
012100212 0 0 0 0 1 0 0 0 0
012100221 0 0 0 0 0 1 0 0 0
012100020 0 0 0 0 1 0 0 0 0
012110022 0 0 0 0 0 1 0 0 0
012101022 0 0 0 0 0 0 1 0 0
012100122 0 0 0 0 1 0 0 0 0
012100002 0 0 0 0 1 0 0 0 0
012210000 1 0 0 0 0 0 0 0 0
012211200 0 0 0 0 0 0 0 1 0
012211221 1 0 0 0 0 0 0 0 0
012211020 1 0 0 0 0 0 0 0 0
012211122 1 0 0 0 0 0 0 0 0
012211002 0 0 0 0 0 0 0 1 0
012212100 0 0 0 0 0 0 0 0 1
012212121 1 0 0 0 0 0 0 0 0
012210120 0 0 0 0 0 1 0 0 0
012210102 1 0 0 0 0 0 0 0 0
012212001 0 0 0 0 0 0 1 0 0
012210201 1 0 0 0 0 0 0 0 0
012210021 0 0 0 0 0 0 1 0 0
012012000 0 0 0 0 0 0 1 0 0
012012120 0 0 0 0 0 0 0 0 1
012012201 1 0 0 0 0 0 0 0 0
012012021 1 0 0 0 0 0 0 0 0
012010200 0 0 0 0 0 0 0 1 0
012011220 1 0 0 0 0 0 0 0 0
012011202 0 0 0 0 0 0 0 1 0
012010221 1 0 0 0 0 0 0 0 0
012010020 0 0 0 1 0 0 0 0 0
012011022 1 0 0 0 0 0 0 0 0
012010122 1 0 0 0 0 0 0 0 0
012010002 1 0 0 0 0 0 0 0 0
012201000 0 0 0 0 0 0 1 0 0
012221100 1 0 0 0 0 0 0 0 0
012221112 1 0 0 0 0 0 0 0 0
012221121 1 0 0 0 0 0 0 0 0
012201120 0 0 0 0 1 0 0 0 0
012201102 1 0 0 0 0 0 0 0 0
012221010 0 0 0 0 0 0 1 0 0
012201210 0 0 0 0 1 0 0 0 0
012201012 0 0 0 0 0 0 1 0 0
012221001 1 0 0 0 0 0 0 0 0
012201201 0 0 0 0 1 0 0 0 0
012201021 0 0 0 0 0 0 1 0 0
012021000 0 0 0 1 0 0 0 0 0
012021120 1 0 0 0 0 0 0 0 0
012021102 0 0 0 1 0 0 0 0 0
012021012 0 0 0 1 0 0 0 0 0
012021021 0 0 0 0 0 0 1 0 0
012001200 0 0 0 0 0 0 0 1 0
012001212 0 0 0 1 0 0 0 0 0
012001221 0 0 0 0 1 0 0 0 0
012001020 0 0 0 1 0 0 0 0 0
012001122 0 0 0 1 0 0 0 0 0
012001002 1 0 0 0 0 0 0 0 0
012200100 0 0 0 0 0 1 0 0 0
012220110 1 0 0 0 0 0 0 0 0
012202110 0 0 0 0 0 0 0 0 1
012200112 1 0 0 0 0 0 0 0 0
012220101 1 0 0 0 0 0 0 0 0
012202101 0 0 0 0 1 0 0 0 0
012200121 0 0 0 0 0 1 0 0 0
012020100 0 0 0 0 0 0 0 0 1
012022110 0 0 0 0 0 0 0 0 1
012020112 0 0 0 0 0 1 0 0 0
012022101 0 0 0 0 0 0 0 1 0
012020121 0 0 0 0 0 1 0 0 0
012002100 0 0 0 1 0 0 0 0 0
012002121 0 0 0 0 1 0 0 0 0
012000120 0 0 0 0 1 0 0 0 0
012000102 0 0 0 1 0 0 0 0 0
012200010 0 0 0 0 1 0 0 0 0
012220011 1 0 0 0 0 0 0 0 0
012202011 0 0 0 0 0 0 1 0 0
012200211 0 0 0 0 0 1 0 0 0
012020010 0 0 0 0 0 0 0 0 1
012022011 0 0 0 1 0 0 0 0 0
012002010 0 0 0 0 1 0 0 0 0
012002211 1 0 0 0 0 0 0 0 0
012000210 1 0 0 0 0 0 0 0 0
012000012 0 0 0 0 0 0 1 0 0
012200001 0 0 0 0 0 0 1 0 0
012020001 0 0 0 0 0 0 0 1 0
012002001 1 0 0 0 0 0 0 0 0
012000201 0 0 0 0 1 0 0 0 0
012000021 0 0 0 0 0 0 1 0 0
010200000 1 0 0 0 0 0 0 0 0
011220000 1 0 0 0 0 0 0 0 0
011221200 0 0 0 0 0 0 0 0 1
011221212 1 0 0 0 0 0 0 0 0
011221020 1 0 0 0 0 0 0 0 0
011221122 1 0 0 0 0 0 0 0 0
011221002 0 0 0 0 0 0 1 0 0
011220120 1 0 0 0 0 0 0 0 0
011220102 0 0 0 0 0 0 0 1 0
011220210 1 0 0 0 0 0 0 0 0
011220012 0 0 0 0 0 1 0 0 0
011220201 0 0 0 0 0 0 0 1 0
011220021 0 0 0 0 0 0 1 0 0
011202000 1 0 0 0 0 0 0 0 0
011212200 0 0 0 0 0 0 0 1 0
011212221 1 0 0 0 0 0 0 0 0
011212020 0 0 0 0 0 0 0 0 1
011212002 0 0 0 0 0 0 1 0 0
011202120 1 0 0 0 0 0 0 0 0
011202102 0 0 0 0 1 0 0 0 0
011202210 0 0 0 0 0 0 0 0 1
011202012 0 0 0 0 1 0 0 0 0
011202201 1 0 0 0 0 0 0 0 0
011202021 0 0 0 0 0 0 1 0 0
011200200 1 0 0 0 0 0 0 0 0
011210220 0 0 0 0 0 0 0 0 1
011210202 1 0 0 0 0 0 0 0 0
011201220 0 0 0 0 0 0 0 0 1
011201202 0 0 0 0 0 0 0 1 0
011200212 1 0 0 0 0 0 0 0 0
011200221 0 0 0 0 0 1 0 0 0
011200020 1 0 0 0 0 0 0 0 0
011210022 0 0 0 0 0 0 1 0 0
011201022 0 0 0 0 0 0 1 0 0
011200122 0 0 0 0 0 1 0 0 0
011200002 0 0 0 0 0 0 0 1 0
010212000 0 0 0 0 0 0 0 1 0
010212120 0 0 1 0 0 0 0 0 0
010212102 0 0 1 0 0 0 0 0 0
010212201 0 0 0 0 0 0 0 1 0
010212021 0 0 1 0 0 0 0 0 0
010210200 0 0 0 0 0 0 0 1 0
010211220 1 0 0 0 0 0 0 0 0
010211202 1 0 0 0 0 0 0 0 0
010210221 1 0 0 0 0 0 0 0 0
010210020 0 0 0 0 0 0 0 0 1
010211022 0 0 1 0 0 0 0 0 0
010210122 0 0 0 0 0 1 0 0 0
010210002 0 0 1 0 0 0 0 0 0
010221000 1 0 0 0 0 0 0 0 0
010221120 0 0 1 0 0 0 0 0 0
010221102 0 0 0 0 0 0 0 1 0
010221210 0 0 0 0 0 0 0 0 1
010221012 0 0 0 0 0 0 1 0 0
010221201 0 0 1 0 0 0 0 0 0
010221021 1 0 0 0 0 0 0 0 0
010201200 1 0 0 0 0 0 0 0 0
010201212 0 0 0 0 1 0 0 0 0
010201221 0 0 1 0 0 0 0 0 0
010201020 0 0 0 0 0 0 0 0 1
010201122 0 0 1 0 0 0 0 0 0
010201002 0 0 0 0 0 0 1 0 0
010220100 1 0 0 0 0 0 0 0 0
010220112 0 0 1 0 0 0 0 0 0
010220121 1 0 0 0 0 0 0 0 0
010202100 0 0 0 0 0 0 0 1 0
010202112 0 0 0 0 1 0 0 0 0
010202121 0 0 0 0 1 0 0 0 0
010200120 0 0 0 0 1 0 0 0 0
010200102 0 0 1 0 0 0 0 0 0
010220010 0 0 0 0 0 0 0 0 1
010220211 0 0 0 0 0 1 0 0 0
010202010 0 0 0 0 1 0 0 0 0
010202211 0 0 0 0 1 0 0 0 0
010200210 0 0 0 0 0 1 0 0 0
010200012 0 0 0 0 1 0 0 0 0
010220001 0 0 0 0 0 0 1 0 0
010202001 0 0 1 0 0 0 0 0 0
010200201 0 0 1 0 0 0 0 0 0
010200021 0 0 0 0 1 0 0 0 0
010020000 0 0 0 0 0 0 0 0 1
011022000 0 0 0 0 0 0 0 0 1
011122200 1 0 0 0 0 0 0 0 0
011122212 1 0 0 0 0 0 0 0 0
011122221 1 0 0 0 0 0 0 0 0
011122020 1 0 0 0 0 0 0 0 0
011122122 1 0 0 0 0 0 0 0 0
011122002 0 0 0 0 0 0 1 0 0
011022120 0 0 0 0 0 0 0 0 1
011022102 0 0 0 0 0 0 0 1 0
011022210 0 0 0 0 0 0 0 0 1
011022012 0 0 0 0 0 0 1 0 0
011022201 0 0 0 1 0 0 0 0 0
011022021 0 0 0 0 0 0 1 0 0
011020200 1 0 0 0 0 0 0 0 0
011120220 0 0 0 0 0 0 0 0 1
011120202 1 0 0 0 0 0 0 0 0
011021220 1 0 0 0 0 0 0 0 0
011021202 0 0 0 0 0 0 0 1 0
011020212 1 0 0 0 0 0 0 0 0
011020221 1 0 0 0 0 0 0 0 0
011020020 1 0 0 0 0 0 0 0 0
011120022 1 0 0 0 0 0 0 0 0
011021022 0 0 0 0 0 0 1 0 0
011020122 0 0 0 0 0 1 0 0 0
011020002 0 0 0 1 0 0 0 0 0
010122000 1 0 0 0 0 0 0 0 0
010122120 0 0 1 0 0 0 0 0 0
010122102 0 0 0 0 0 0 0 1 0
010122210 1 0 0 0 0 0 0 0 0
010122012 0 0 1 0 0 0 0 0 0
010122201 0 0 0 0 0 0 0 1 0
010122021 0 0 0 0 0 0 1 0 0
010120200 1 0 0 0 0 0 0 0 0
010121220 0 0 1 0 0 0 0 0 0
010121202 0 0 0 0 0 0 0 1 0
010120212 1 0 0 0 0 0 0 0 0
010120221 1 0 0 0 0 0 0 0 0
010120020 0 0 0 0 0 0 0 0 1
010121022 0 0 0 0 0 0 1 0 0
010120122 1 0 0 0 0 0 0 0 0
010120002 0 0 0 0 0 0 0 1 0
010021200 0 0 0 1 0 0 0 0 0
010021212 0 0 0 1 0 0 0 0 0
010021221 0 0 0 1 0 0 0 0 0
010021020 0 0 1 0 0 0 0 0 0
010021122 0 0 0 1 0 0 0 0 0
010021002 0 0 0 1 0 0 0 0 0
010022100 0 0 0 0 0 0 0 0 1
010022112 0 0 1 0 0 0 0 0 0
010022121 0 0 1 0 0 0 0 0 0
010020120 0 0 0 0 0 1 0 0 0
010020102 0 0 0 0 0 0 0 1 0
010022010 0 0 0 1 0 0 0 0 0
010022211 0 0 0 1 0 0 0 0 0
010020210 0 0 0 1 0 0 0 0 0
010020012 0 0 1 0 0 0 0 0 0
010022001 0 0 0 0 0 0 0 1 0
010020201 0 0 0 0 0 1 0 0 0
010020021 0 0 0 0 0 1 0 0 0
010002000 0 0 1 0 0 0 0 0 0
011002200 1 0 0 0 0 0 0 0 0
011102220 1 0 0 0 0 0 0 0 0
011102202 0 0 0 0 0 0 0 1 0
011012220 1 0 0 0 0 0 0 0 0
011012202 0 0 0 1 0 0 0 0 0
011002212 1 0 0 0 0 0 0 0 0
011002221 1 0 0 0 0 0 0 0 0
011002020 0 0 0 0 0 0 0 0 1
011102022 1 0 0 0 0 0 0 0 0
011012022 1 0 0 0 0 0 0 0 0
011002122 0 0 0 0 1 0 0 0 0
011002002 0 0 0 0 0 0 0 1 0
010102200 0 0 1 0 0 0 0 0 0
010112220 1 0 0 0 0 0 0 0 0
010112202 0 0 0 0 0 0 0 1 0
010102212 1 0 0 0 0 0 0 0 0
010102221 0 0 1 0 0 0 0 0 0
010102020 0 0 0 0 0 0 0 0 1
010112022 0 0 1 0 0 0 0 0 0
010102122 1 0 0 0 0 0 0 0 0
010102002 1 0 0 0 0 0 0 0 0
010012200 0 0 0 0 0 0 0 0 1
010012221 0 0 1 0 0 0 0 0 0
010012020 0 0 0 0 0 0 1 0 0
010012122 0 0 1 0 0 0 0 0 0
010012002 1 0 0 0 0 0 0 0 0
010002120 0 0 1 0 0 0 0 0 0
010002102 0 0 0 1 0 0 0 0 0
010002210 0 0 0 1 0 0 0 0 0
010002012 0 0 0 0 0 0 1 0 0
010002201 0 0 1 0 0 0 0 0 0
010002021 0 0 0 0 1 0 0 0 0
010000200 0 0 0 0 0 1 0 0 0
011000220 0 0 0 1 0 0 0 0 0
011000202 1 0 0 0 0 0 0 0 0
010100220 0 0 0 0 1 0 0 0 0
010100202 0 0 0 0 0 0 0 1 0
010010220 0 0 0 1 0 0 0 0 0
010010202 0 0 0 1 0 0 0 0 0
010001220 0 0 1 0 0 0 0 0 0
010001202 1 0 0 0 0 0 0 0 0
010000212 0 0 0 0 0 1 0 0 0
010000221 1 0 0 0 0 0 0 0 0
010000020 0 0 0 1 0 0 0 0 0
011000022 0 0 0 1 0 0 0 0 0
010100022 0 0 1 0 0 0 0 0 0
010010022 0 0 1 0 0 0 0 0 0
010001022 0 0 0 0 0 0 1 0 0
010000122 0 0 0 1 0 0 0 0 0
010000002 1 0 0 0 0 0 0 0 0
201000000 0 0 0 1 0 0 0 0 0
221100000 0 0 0 0 0 0 1 0 0
221112000 0 0 0 0 0 0 0 1 0
221112210 0 0 0 0 0 0 0 0 1
221112012 0 0 0 0 0 0 1 0 0
221112201 0 0 0 0 0 0 0 1 0
221112021 0 0 0 0 0 0 1 0 0
221110200 0 0 0 0 0 0 0 1 0
221110212 0 0 0 0 0 1 0 0 0
221110221 0 0 0 0 0 1 0 0 0
221110020 0 0 0 0 0 0 0 0 1
221110002 0 0 0 0 0 0 0 1 0
221121000 0 0 0 0 0 0 0 1 0
221121210 0 0 0 0 0 0 0 0 1
221101200 0 0 0 0 1 0 0 0 0
221101212 0 0 0 0 1 0 0 0 0
221101020 0 0 0 0 0 0 0 0 1
221101122 0 0 0 0 1 0 0 0 0
221101002 0 0 0 0 1 0 0 0 0
221120100 0 0 0 0 0 0 0 1 0
221122110 0 0 0 0 0 0 0 0 1
221122101 0 0 0 0 0 0 0 1 0
221102100 0 0 0 0 0 0 0 0 1
221102112 0 0 0 0 1 0 0 0 0
221102121 0 0 0 0 1 0 0 0 0
221100120 0 0 0 0 0 1 0 0 0
221100102 0 0 0 0 1 0 0 0 0
221120010 0 0 0 0 0 1 0 0 0
221122011 0 0 0 0 0 0 1 0 0
221120211 0 0 0 0 0 1 0 0 0
221102010 0 0 0 0 0 0 0 0 1
221102211 0 0 0 0 1 0 0 0 0
221100210 0 0 0 0 1 0 0 0 0
221100012 0 0 0 0 1 0 0 0 0
221120001 0 0 0 0 0 1 0 0 0
221102001 0 0 0 0 0 0 1 0 0
221100201 0 0 0 0 0 1 0 0 0
221100021 0 0 0 0 0 0 1 0 0
201120000 0 0 0 0 0 0 0 1 0
201121200 0 0 0 0 0 0 0 1 0
201121020 0 0 0 0 0 0 1 0 0
201122100 0 1 0 0 0 0 0 0 0
201122121 0 1 0 0 0 0 0 0 0
201120120 0 0 0 0 0 0 0 0 1
201122010 0 0 0 0 0 0 1 0 0
201122211 0 1 0 0 0 0 0 0 0
201120210 0 1 0 0 0 0 0 0 0
201122001 0 0 0 0 0 0 0 1 0
201120201 0 1 0 0 0 0 0 0 0
201120021 0 1 0 0 0 0 0 0 0
201102000 0 0 0 0 0 0 0 0 1
201112200 0 1 0 0 0 0 0 0 0
201112212 0 1 0 0 0 0 0 0 0
201112221 0 1 0 0 0 0 0 0 0
201112020 0 1 0 0 0 0 0 0 0
201112002 0 0 0 0 0 0 1 0 0
201102120 0 1 0 0 0 0 0 0 0
201102102 0 1 0 0 0 0 0 0 0
201102210 0 0 0 0 1 0 0 0 0
201102012 0 0 0 0 1 0 0 0 0
201102201 0 1 0 0 0 0 0 0 0
201102021 0 0 0 0 1 0 0 0 0
201100200 0 0 0 0 0 0 0 1 0
201110220 0 0 0 0 0 1 0 0 0
201110202 0 0 0 0 0 0 0 1 0
201101220 0 1 0 0 0 0 0 0 0
201101202 0 1 0 0 0 0 0 0 0
201100212 0 0 0 0 1 0 0 0 0
201100221 0 0 0 0 1 0 0 0 0
201100020 0 0 0 0 0 1 0 0 0
201110022 0 1 0 0 0 0 0 0 0
201101022 0 0 0 0 1 0 0 0 0
201100122 0 0 0 0 1 0 0 0 0
201100002 0 0 0 0 1 0 0 0 0
221010000 0 0 0 0 0 0 0 0 1
221211000 0 0 0 0 0 0 1 0 0
221211012 0 0 0 0 0 0 1 0 0
221011200 0 0 0 0 0 0 0 1 0
221011212 0 0 0 1 0 0 0 0 0
221011020 0 0 0 0 0 0 1 0 0
221011002 0 0 0 0 0 0 0 1 0
221210010 0 0 0 0 0 0 1 0 0
221212011 0 0 0 0 0 0 1 0 0
221012010 0 0 0 0 0 0 0 0 1
221012211 0 0 0 1 0 0 0 0 0
221010210 0 0 0 0 0 1 0 0 0
221010012 0 0 0 0 0 1 0 0 0
221210001 0 0 0 0 0 0 1 0 0
221012001 0 0 0 0 0 0 1 0 0
221010201 0 0 0 0 0 0 0 1 0
221010021 0 0 0 1 0 0 0 0 0
201210000 0 0 0 0 0 0 0 1 0
201211020 0 1 0 0 0 0 0 0 0
201211002 0 0 0 0 0 0 0 1 0
201212010 0 0 0 0 0 0 1 0 0
201210012 0 0 0 0 0 0 1 0 0
201212001 0 0 0 0 0 0 1 0 0
201210021 0 1 0 0 0 0 0 0 0
201012000 0 1 0 0 0 0 0 0 0
201012210 0 0 0 0 0 0 0 0 1
201012012 0 0 0 0 0 0 1 0 0
201012201 0 0 0 1 0 0 0 0 0
201012021 0 1 0 0 0 0 0 0 0
201010200 0 0 0 1 0 0 0 0 0
201011220 0 0 0 1 0 0 0 0 0
201011202 0 0 0 0 0 0 0 1 0
201010212 0 0 0 1 0 0 0 0 0
201010221 0 0 0 1 0 0 0 0 0
201010020 0 0 0 0 0 1 0 0 0
201011022 0 1 0 0 0 0 0 0 0
201010002 0 0 0 0 0 1 0 0 0
221001000 0 0 0 0 0 0 1 0 0
221201100 0 0 0 0 0 0 0 1 0
221221110 0 0 0 0 0 0 0 0 1
221201112 0 0 0 0 1 0 0 0 0
221021100 0 0 0 0 0 0 0 0 1
221001120 0 0 0 0 0 0 0 0 1
221001102 0 0 0 0 0 0 0 1 0
221201010 0 0 0 0 0 0 0 0 1
221021010 0 0 0 0 0 0 0 0 1
221001210 0 0 0 0 0 0 0 0 1
221001012 0 0 0 1 0 0 0 0 0
201201000 0 0 0 0 1 0 0 0 0
201221100 0 1 0 0 0 0 0 0 0
201201120 0 0 0 0 1 0 0 0 0
201201102 0 0 0 0 0 0 0 1 0
201221010 0 0 0 0 0 0 1 0 0
201201012 0 0 0 0 1 0 0 0 0
201021000 0 0 0 0 0 0 0 0 1
201021120 0 0 0 0 0 0 0 0 1
201021210 0 0 0 1 0 0 0 0 0
201001200 0 0 0 1 0 0 0 0 0
201001212 0 0 0 0 1 0 0 0 0
201001020 0 0 0 0 0 0 1 0 0
201001122 0 1 0 0 0 0 0 0 0
201001002 0 0 0 1 0 0 0 0 0
221000100 0 0 0 0 0 0 0 0 1
221200110 0 0 0 0 0 0 0 0 1
221020110 0 0 0 0 0 0 0 0 1
221002110 0 0 0 0 1 0 0 0 0
221000112 0 0 0 0 0 1 0 0 0
221200101 0 0 0 0 1 0 0 0 0
221020101 0 0 0 1 0 0 0 0 0
221002101 0 0 0 0 0 0 0 1 0
221000121 0 0 0 0 0 1 0 0 0
201200100 0 1 0 0 0 0 0 0 0
201220110 0 1 0 0 0 0 0 0 0
201202110 0 1 0 0 0 0 0 0 0
201200112 0 0 0 0 0 1 0 0 0
201220101 0 1 0 0 0 0 0 0 0
201202101 0 0 0 0 0 0 0 1 0
201200121 0 0 0 0 0 1 0 0 0
201020100 0 0 0 1 0 0 0 0 0
201022110 0 1 0 0 0 0 0 0 0
201022101 0 0 0 0 0 0 0 1 0
201020121 0 0 0 0 0 1 0 0 0
201002100 0 1 0 0 0 0 0 0 0
201002112 0 0 0 1 0 0 0 0 0
201002121 0 0 0 1 0 0 0 0 0
201000120 0 1 0 0 0 0 0 0 0
201000102 0 0 0 0 0 0 0 1 0
221000010 0 0 0 0 0 0 1 0 0
221200011 0 0 0 0 0 0 1 0 0
221020011 0 0 0 0 0 1 0 0 0
221002011 0 0 0 1 0 0 0 0 0
221000211 0 0 0 0 1 0 0 0 0
201200010 0 1 0 0 0 0 0 0 0
201220011 0 1 0 0 0 0 0 0 0
201202011 0 0 0 0 1 0 0 0 0
201020010 0 1 0 0 0 0 0 0 0
201022011 0 0 0 0 0 0 1 0 0
201020211 0 1 0 0 0 0 0 0 0
201002010 0 1 0 0 0 0 0 0 0
201002211 0 1 0 0 0 0 0 0 0
201000210 0 1 0 0 0 0 0 0 0
201000012 0 0 0 1 0 0 0 0 0
221000001 0 0 0 1 0 0 0 0 0
201200001 0 0 0 0 0 0 1 0 0
201020001 0 1 0 0 0 0 0 0 0
201002001 0 1 0 0 0 0 0 0 0
201000201 0 0 0 1 0 0 0 0 0
201000021 0 0 0 1 0 0 0 0 0
021000000 1 0 0 0 0 0 0 0 0
021120000 0 0 0 0 0 1 0 0 0
021121200 0 0 0 0 0 0 0 1 0
021121212 1 0 0 0 0 0 0 0 0
021121002 0 0 0 0 0 0 0 1 0
021122100 0 0 0 0 0 0 0 1 0
021122112 1 0 0 0 0 0 0 0 0
021120102 1 0 0 0 0 0 0 0 0
021122010 0 0 0 0 0 0 1 0 0
021122211 1 0 0 0 0 0 0 0 0
021120210 0 0 0 0 0 0 0 0 1
021120012 1 0 0 0 0 0 0 0 0
021122001 0 0 0 0 0 0 1 0 0
021120201 0 0 0 0 0 1 0 0 0
021102000 0 0 0 0 0 0 1 0 0
021112200 0 0 0 0 0 0 0 0 1
021112212 1 0 0 0 0 0 0 0 0
021112221 1 0 0 0 0 0 0 0 0
021112020 1 0 0 0 0 0 0 0 0
021112002 0 0 0 0 0 0 1 0 0
021102120 0 0 0 0 1 0 0 0 0
021102102 0 0 0 0 1 0 0 0 0
021102210 0 0 0 0 1 0 0 0 0
021102012 1 0 0 0 0 0 0 0 0
021102201 0 0 0 0 0 0 0 1 0
021102021 0 0 0 0 0 0 1 0 0
021100200 0 0 0 0 1 0 0 0 0
021110220 1 0 0 0 0 0 0 0 0
021110202 0 0 0 0 0 0 0 1 0
021101220 0 0 0 0 1 0 0 0 0
021101202 1 0 0 0 0 0 0 0 0
021100212 0 0 0 0 0 1 0 0 0
021100221 1 0 0 0 0 0 0 0 0
021100020 0 0 0 0 0 0 1 0 0
021110022 1 0 0 0 0 0 0 0 0
021101022 1 0 0 0 0 0 0 0 0
021100122 0 0 0 0 0 1 0 0 0
021100002 1 0 0 0 0 0 0 0 0
021210000 0 0 0 0 0 1 0 0 0
021211200 0 0 0 0 0 0 0 0 1
021211212 1 0 0 0 0 0 0 0 0
021211020 0 0 0 0 0 0 0 0 1
021211002 0 0 0 0 0 0 1 0 0
021212010 1 0 0 0 0 0 0 0 0
021212211 1 0 0 0 0 0 0 0 0
021210210 0 0 0 0 0 0 0 0 1
021210012 0 0 0 0 0 1 0 0 0
021212001 1 0 0 0 0 0 0 0 0
021210201 0 0 0 0 0 0 0 1 0
021210021 0 0 0 0 0 0 1 0 0
021012000 1 0 0 0 0 0 0 0 0
021012210 0 0 0 1 0 0 0 0 0
021012012 0 0 0 0 0 0 1 0 0
021012201 0 0 0 1 0 0 0 0 0
021012021 1 0 0 0 0 0 0 0 0
021010200 1 0 0 0 0 0 0 0 0
021011220 1 0 0 0 0 0 0 0 0
021011202 0 0 0 0 0 0 0 1 0
021010212 0 0 0 1 0 0 0 0 0
021010221 1 0 0 0 0 0 0 0 0
021010020 1 0 0 0 0 0 0 0 0
021011022 0 0 0 0 0 0 1 0 0
021010002 0 0 0 0 0 0 0 1 0
021201000 0 0 0 0 0 0 0 0 1
021221100 0 0 0 0 0 0 0 0 1
021221112 1 0 0 0 0 0 0 0 0
021201120 1 0 0 0 0 0 0 0 0
021201102 0 0 0 0 1 0 0 0 0
021221010 1 0 0 0 0 0 0 0 0
021201210 0 0 0 0 1 0 0 0 0
021201012 1 0 0 0 0 0 0 0 0
021021000 1 0 0 0 0 0 0 0 0
021021102 0 0 0 0 0 0 0 1 0
021021210 0 0 0 1 0 0 0 0 0
021021012 0 0 0 1 0 0 0 0 0
021001200 0 0 0 1 0 0 0 0 0
021001212 0 0 0 0 1 0 0 0 0
021001020 0 0 0 0 0 0 0 0 1
021001122 0 0 0 0 1 0 0 0 0
021001002 0 0 0 0 1 0 0 0 0
021200100 1 0 0 0 0 0 0 0 0
021220110 0 0 0 0 0 0 0 0 1
021202110 0 0 0 0 1 0 0 0 0
021200112 1 0 0 0 0 0 0 0 0
021220101 0 0 0 0 0 0 0 1 0
021202101 0 0 0 0 1 0 0 0 0
021200121 0 0 0 0 0 1 0 0 0
021020100 0 0 0 0 0 1 0 0 0
021022110 0 0 0 0 0 0 0 0 1
021020112 0 0 0 0 0 1 0 0 0
021022101 0 0 0 1 0 0 0 0 0
021002100 0 0 0 1 0 0 0 0 0
021002112 1 0 0 0 0 0 0 0 0
021002121 0 0 0 1 0 0 0 0 0
021000120 0 0 0 1 0 0 0 0 0
021000102 0 0 0 0 0 0 0 1 0
021200010 1 0 0 0 0 0 0 0 0
021220011 0 0 0 0 0 1 0 0 0
021202011 0 0 0 0 0 0 1 0 0
021200211 0 0 0 0 1 0 0 0 0
021020010 1 0 0 0 0 0 0 0 0
021022011 0 0 0 0 0 0 1 0 0
021020211 0 0 0 1 0 0 0 0 0
021002010 0 0 0 0 0 0 0 0 1
021002211 0 0 0 0 1 0 0 0 0
021000210 0 0 0 0 0 1 0 0 0
021000012 0 0 0 1 0 0 0 0 0
021200001 1 0 0 0 0 0 0 0 0
021020001 0 0 0 0 0 0 0 1 0
021002001 0 0 0 0 0 0 1 0 0
021000201 0 0 0 0 0 0 0 1 0
021000021 0 0 0 1 0 0 0 0 0
001200000 0 0 0 0 0 1 0 0 0
001212000 0 0 0 0 0 0 1 0 0
001212210 1 0 0 0 0 0 0 0 0
001212012 0 1 0 0 0 0 0 0 0
001212201 0 0 0 0 0 0 0 1 0
001212021 0 0 0 0 0 0 1 0 0
001210200 0 0 0 0 0 0 0 1 0
001211220 0 0 0 0 0 0 0 0 1
001211202 1 0 0 0 0 0 0 0 0
001210212 0 1 0 0 0 0 0 0 0
001210221 0 0 0 0 0 1 0 0 0
001210020 0 1 0 0 0 0 0 0 0
001211022 0 0 0 0 0 0 1 0 0
001210002 0 0 0 0 0 0 0 1 0
001221000 0 0 0 0 0 0 0 0 1
001221120 0 0 0 0 0 0 0 0 1
001221102 0 1 0 0 0 0 0 0 0
001221210 0 1 0 0 0 0 0 0 0
001221012 1 0 0 0 0 0 0 0 0
001201200 0 0 0 0 1 0 0 0 0
001201212 0 0 0 0 1 0 0 0 0
001201020 0 0 0 0 0 0 1 0 0
001201122 0 0 0 0 1 0 0 0 0
001201002 0 0 0 0 0 0 1 0 0
001220100 0 1 0 0 0 0 0 0 0
001220112 0 0 0 0 0 1 0 0 0
001220121 0 1 0 0 0 0 0 0 0
001202100 0 0 0 0 1 0 0 0 0
001202112 1 0 0 0 0 0 0 0 0
001202121 0 1 0 0 0 0 0 0 0
001200120 0 1 0 0 0 0 0 0 0
001200102 0 1 0 0 0 0 0 0 0
001220010 0 1 0 0 0 0 0 0 0
001220211 1 0 0 0 0 0 0 0 0
001202010 0 0 0 0 0 0 0 0 1
001202211 0 0 0 0 1 0 0 0 0
001200210 1 0 0 0 0 0 0 0 0
001200012 0 0 0 0 1 0 0 0 0
001220001 0 0 0 0 0 0 0 1 0
001202001 0 0 0 0 0 0 1 0 0
001200201 1 0 0 0 0 0 0 0 0
001200021 0 1 0 0 0 0 0 0 0
001020000 0 0 0 0 0 0 0 0 1
001122000 0 0 0 0 0 0 1 0 0
001122120 1 0 0 0 0 0 0 0 0
001122102 0 0 0 0 0 0 0 1 0
001122210 0 0 0 0 0 0 0 0 1
001122012 0 0 0 0 0 0 1 0 0
001122201 1 0 0 0 0 0 0 0 0
001122021 0 1 0 0 0 0 0 0 0
001120200 0 1 0 0 0 0 0 0 0
001121220 1 0 0 0 0 0 0 0 0
001121202 1 0 0 0 0 0 0 0 0
001120212 0 1 0 0 0 0 0 0 0
001120221 1 0 0 0 0 0 0 0 0
001120020 0 1 0 0 0 0 0 0 0
001121022 1 0 0 0 0 0 0 0 0
001120122 0 1 0 0 0 0 0 0 0
001120002 0 0 0 0 0 1 0 0 0
001021200 0 0 0 0 0 0 0 1 0
001021212 0 0 0 1 0 0 0 0 0
001021020 1 0 0 0 0 0 0 0 0
001021122 0 0 0 1 0 0 0 0 0
001021002 0 0 0 1 0 0 0 0 0
001022100 1 0 0 0 0 0 0 0 0
001022112 0 1 0 0 0 0 0 0 0
001022121 1 0 0 0 0 0 0 0 0
001020120 0 1 0 0 0 0 0 0 0
001020102 0 0 0 0 0 1 0 0 0
001022010 1 0 0 0 0 0 0 0 0
001022211 1 0 0 0 0 0 0 0 0
001020210 0 0 0 0 0 0 0 0 1
001020012 0 1 0 0 0 0 0 0 0
001022001 1 0 0 0 0 0 0 0 0
001020201 0 1 0 0 0 0 0 0 0
001020021 0 1 0 0 0 0 0 0 0
001002000 0 1 0 0 0 0 0 0 0
001102200 0 0 0 0 0 0 0 1 0
001112220 0 0 0 0 0 0 0 0 1
001112202 0 0 0 0 0 0 0 1 0
001102212 0 1 0 0 0 0 0 0 0
001102221 0 0 0 0 1 0 0 0 0
001102020 0 0 0 0 1 0 0 0 0
001112022 1 0 0 0 0 0 0 0 0
001102122 0 1 0 0 0 0 0 0 0
001102002 0 0 0 0 1 0 0 0 0
001012200 0 0 0 0 0 0 0 1 0
001012212 1 0 0 0 0 0 0 0 0
001012221 0 0 0 1 0 0 0 0 0
001012020 0 0 0 0 0 0 0 0 1
001012002 0 0 0 1 0 0 0 0 0
001002120 0 0 0 0 1 0 0 0 0
001002102 0 0 0 0 0 0 0 1 0
001002210 0 0 0 0 0 0 0 0 1
001002012 0 0 0 0 1 0 0 0 0
001002201 0 0 0 1 0 0 0 0 0
001002021 0 1 0 0 0 0 0 0 0
001000200 1 0 0 0 0 0 0 0 0
001100220 1 0 0 0 0 0 0 0 0
001100202 1 0 0 0 0 0 0 0 0
001010220 1 0 0 0 0 0 0 0 0
001010202 0 1 0 0 0 0 0 0 0
001001220 1 0 0 0 0 0 0 0 0
001001202 0 0 0 0 1 0 0 0 0
001000212 1 0 0 0 0 0 0 0 0
001000221 0 0 0 1 0 0 0 0 0
001000020 0 0 0 0 0 1 0 0 0
001100022 0 1 0 0 0 0 0 0 0
001010022 0 1 0 0 0 0 0 0 0
001001022 0 1 0 0 0 0 0 0 0
001000122 1 0 0 0 0 0 0 0 0
001000002 0 0 0 0 0 1 0 0 0
200100000 0 0 0 0 0 1 0 0 0
220110000 0 0 0 0 0 0 0 0 1
220112100 0 0 1 0 0 0 0 0 0
220112112 0 0 1 0 0 0 0 0 0
220112121 0 0 1 0 0 0 0 0 0
220110120 0 0 0 0 0 0 0 0 1
220110102 0 0 0 0 0 0 0 1 0
220112010 0 0 0 0 0 0 1 0 0
220112211 0 0 1 0 0 0 0 0 0
220110210 0 0 0 0 0 1 0 0 0
220110012 0 0 0 0 0 0 1 0 0
220112001 0 0 0 0 0 0 0 1 0
220110201 0 0 0 0 0 0 0 1 0
220110021 0 0 0 0 0 1 0 0 0
202110000 0 1 0 0 0 0 0 0 0
202112100 0 0 0 0 0 0 0 0 1
202112121 0 1 0 0 0 0 0 0 0
202110120 0 0 0 0 0 1 0 0 0
202110102 0 1 0 0 0 0 0 0 0
202112010 0 1 0 0 0 0 0 0 0
202112211 0 1 0 0 0 0 0 0 0
202110210 0 0 0 0 0 1 0 0 0
202110012 0 0 0 0 0 1 0 0 0
202112001 0 0 0 0 0 0 1 0 0
202110201 0 0 0 0 0 1 0 0 0
202110021 0 0 0 0 0 1 0 0 0
200112000 0 0 0 0 0 0 0 1 0
200112120 0 0 1 0 0 0 0 0 0
200112102 0 1 0 0 0 0 0 0 0
200112210 0 0 1 0 0 0 0 0 0
200112012 0 0 1 0 0 0 0 0 0
200112201 0 1 0 0 0 0 0 0 0
200112021 0 1 0 0 0 0 0 0 0
200110200 0 0 1 0 0 0 0 0 0
200110212 0 0 0 0 0 1 0 0 0
200110221 0 1 0 0 0 0 0 0 0
200110020 0 0 0 0 0 1 0 0 0
200110122 0 1 0 0 0 0 0 0 0
200110002 0 0 0 0 0 1 0 0 0
220101000 0 0 0 0 1 0 0 0 0
220121100 0 0 0 0 0 0 0 0 1
220101120 0 0 1 0 0 0 0 0 0
220101102 0 0 0 0 0 0 0 1 0
220121010 0 0 0 0 0 0 0 0 1
220121211 0 0 1 0 0 0 0 0 0
220101210 0 0 1 0 0 0 0 0 0
220101012 0 0 0 0 1 0 0 0 0
220121001 0 0 0 0 0 0 0 1 0
220101201 0 0 0 0 1 0 0 0 0
220101021 0 0 1 0 0 0 0 0 0
202101000 0 0 0 0 0 0 0 0 1
202121100 0 1 0 0 0 0 0 0 0
202121121 0 1 0 0 0 0 0 0 0
202101120 0 0 0 0 0 0 0 0 1
202101102 0 1 0 0 0 0 0 0 0
202121010 0 0 0 0 0 0 0 0 1
202101210 0 0 0 0 1 0 0 0 0
202101012 0 0 0 0 0 0 1 0 0
202121001 0 0 0 0 0 0 0 1 0
202101201 0 0 0 0 1 0 0 0 0
202101021 0 0 0 0 0 0 1 0 0
200121000 0 1 0 0 0 0 0 0 0
200121120 0 0 0 0 0 0 0 0 1
200121210 0 0 1 0 0 0 0 0 0
200121201 0 0 0 0 0 0 0 1 0
200121021 0 1 0 0 0 0 0 0 0
200101200 0 0 0 0 0 0 0 0 1
200101212 0 1 0 0 0 0 0 0 0
200101221 0 1 0 0 0 0 0 0 0
200101020 0 0 0 0 1 0 0 0 0
200101122 0 0 0 0 1 0 0 0 0
200101002 0 0 0 0 0 0 1 0 0
220100100 0 0 0 0 0 0 0 1 0
220120110 0 0 1 0 0 0 0 0 0
220102110 0 0 1 0 0 0 0 0 0
220100112 0 0 0 0 0 1 0 0 0
220120101 0 0 0 0 0 0 0 1 0
220102101 0 0 0 0 0 0 0 1 0
220100121 0 0 0 0 0 1 0 0 0
202100100 0 0 0 0 1 0 0 0 0
202120110 0 0 0 0 0 1 0 0 0
202102110 0 1 0 0 0 0 0 0 0
202100112 0 0 0 0 0 1 0 0 0
202120101 0 1 0 0 0 0 0 0 0
202102101 0 0 0 0 1 0 0 0 0
202100121 0 0 0 0 1 0 0 0 0
200120100 0 0 0 0 0 0 0 1 0
200122110 0 0 0 0 0 0 0 0 1
200122101 0 0 0 0 0 0 0 1 0
200120121 0 0 1 0 0 0 0 0 0
200102100 0 0 0 0 0 0 0 0 1
200102112 0 1 0 0 0 0 0 0 0
200102121 0 0 0 0 1 0 0 0 0
200100120 0 0 0 0 0 0 0 0 1
200100102 0 1 0 0 0 0 0 0 0
220100010 0 0 0 0 0 0 1 0 0
220120011 0 0 1 0 0 0 0 0 0
220102011 0 0 1 0 0 0 0 0 0
220100211 0 0 0 0 1 0 0 0 0
202100010 0 0 0 0 0 0 0 0 1
202120011 0 1 0 0 0 0 0 0 0
202102011 0 0 0 0 1 0 0 0 0
202100211 0 1 0 0 0 0 0 0 0
200120010 0 1 0 0 0 0 0 0 0
200122011 0 0 1 0 0 0 0 0 0
200120211 0 0 1 0 0 0 0 0 0
200102010 0 0 0 0 0 0 0 0 1
200102211 0 1 0 0 0 0 0 0 0
200100210 0 0 0 0 1 0 0 0 0
200100012 0 0 1 0 0 0 0 0 0
220100001 0 0 0 0 1 0 0 0 0
202100001 0 0 0 0 0 1 0 0 0
200120001 0 0 0 0 0 1 0 0 0
200102001 0 0 0 0 0 0 1 0 0
200100201 0 0 1 0 0 0 0 0 0
200100021 0 0 1 0 0 0 0 0 0
020100000 0 0 0 0 1 0 0 0 0
022110000 1 0 0 0 0 0 0 0 0
022112100 1 0 0 0 0 0 0 0 0
022112121 1 0 0 0 0 0 0 0 0
022110120 1 0 0 0 0 0 0 0 0
022110102 0 0 0 0 0 0 0 1 0
022112010 1 0 0 0 0 0 0 0 0
022112211 1 0 0 0 0 0 0 0 0
022110210 0 0 0 0 0 1 0 0 0
022110012 0 0 0 0 0 0 1 0 0
022112001 0 0 0 0 0 0 1 0 0
022110201 1 0 0 0 0 0 0 0 0
022110021 0 0 0 0 0 0 1 0 0
020112000 0 0 0 0 0 0 0 0 1
020112120 1 0 0 0 0 0 0 0 0
020112102 0 0 1 0 0 0 0 0 0
020112210 1 0 0 0 0 0 0 0 0
020112012 0 0 0 0 0 0 1 0 0
020112201 0 0 0 0 0 0 0 1 0
020112021 0 0 1 0 0 0 0 0 0
020110200 0 0 1 0 0 0 0 0 0
020110212 0 0 0 0 0 1 0 0 0
020110221 0 0 1 0 0 0 0 0 0
020110020 0 0 1 0 0 0 0 0 0
020110122 0 0 1 0 0 0 0 0 0
020110002 0 0 0 0 0 1 0 0 0
022101000 0 0 0 0 0 0 1 0 0
022121100 0 0 0 0 0 0 0 0 1
022121112 1 0 0 0 0 0 0 0 0
022101120 0 0 0 0 1 0 0 0 0
022101102 0 0 0 0 1 0 0 0 0
022121010 1 0 0 0 0 0 0 0 0
022101210 0 0 0 0 1 0 0 0 0
022101012 0 0 0 0 1 0 0 0 0
022121001 0 0 0 0 0 0 1 0 0
022101201 1 0 0 0 0 0 0 0 0
022101021 0 0 0 0 0 0 1 0 0
020121000 1 0 0 0 0 0 0 0 0
020121102 0 0 0 0 0 0 0 1 0
020121210 0 0 1 0 0 0 0 0 0
020121012 0 0 0 0 0 0 1 0 0
020121201 0 0 0 0 0 0 0 1 0
020101200 0 0 0 0 1 0 0 0 0
020101212 0 0 1 0 0 0 0 0 0
020101221 0 0 1 0 0 0 0 0 0
020101020 0 0 0 0 1 0 0 0 0
020101122 0 0 1 0 0 0 0 0 0
020101002 0 0 0 0 1 0 0 0 0
022100100 1 0 0 0 0 0 0 0 0
022120110 1 0 0 0 0 0 0 0 0
022102110 0 0 0 0 0 0 0 0 1
022100112 1 0 0 0 0 0 0 0 0
022120101 0 0 0 0 0 1 0 0 0
022102101 0 0 0 0 0 0 0 1 0
022100121 1 0 0 0 0 0 0 0 0
020120100 1 0 0 0 0 0 0 0 0
020122110 1 0 0 0 0 0 0 0 0
020120112 0 0 1 0 0 0 0 0 0
020122101 0 0 0 0 0 0 0 1 0
020102100 0 0 0 0 1 0 0 0 0
020102112 1 0 0 0 0 0 0 0 0
020102121 1 0 0 0 0 0 0 0 0
020100120 0 0 1 0 0 0 0 0 0
020100102 0 0 1 0 0 0 0 0 0
022100010 0 0 0 0 0 0 0 0 1
022120011 1 0 0 0 0 0 0 0 0
022102011 0 0 0 0 1 0 0 0 0
022100211 0 0 0 0 1 0 0 0 0
020120010 0 0 0 0 0 0 1 0 0
020122011 1 0 0 0 0 0 0 0 0
020120211 0 0 1 0 0 0 0 0 0
020102010 0 0 1 0 0 0 0 0 0
020102211 1 0 0 0 0 0 0 0 0
020100210 1 0 0 0 0 0 0 0 0
020100012 1 0 0 0 0 0 0 0 0
022100001 0 0 0 0 1 0 0 0 0
020120001 1 0 0 0 0 0 0 0 0
020102001 0 0 0 0 0 0 0 1 0
020100201 0 0 1 0 0 0 0 0 0
020100021 0 0 1 0 0 0 0 0 0
002100000 0 1 0 0 0 0 0 0 0
002112000 0 0 0 0 0 0 0 0 1
002112120 0 1 0 0 0 0 0 0 0
002112210 0 1 0 0 0 0 0 0 0
002112201 1 0 0 0 0 0 0 0 0
002112021 0 0 0 0 0 0 1 0 0
002110200 0 0 0 0 0 0 0 1 0
002110212 0 1 0 0 0 0 0 0 0
002110221 0 1 0 0 0 0 0 0 0
002110020 0 0 0 0 0 0 1 0 0
002110122 1 0 0 0 0 0 0 0 0
002110002 0 0 0 0 0 0 0 1 0
002121000 0 0 0 0 0 0 1 0 0
002121120 0 1 0 0 0 0 0 0 0
002121102 0 0 0 0 0 0 0 1 0
002121012 0 0 0 0 0 0 1 0 0
002121021 0 0 0 0 0 0 1 0 0
002101200 0 0 0 0 0 0 0 1 0
002101212 0 1 0 0 0 0 0 0 0
002101221 0 1 0 0 0 0 0 0 0
002101020 1 0 0 0 0 0 0 0 0
002101122 1 0 0 0 0 0 0 0 0
002101002 1 0 0 0 0 0 0 0 0
002120100 1 0 0 0 0 0 0 0 0
002122110 1 0 0 0 0 0 0 0 0
002120112 1 0 0 0 0 0 0 0 0
002122101 0 1 0 0 0 0 0 0 0
002120121 0 1 0 0 0 0 0 0 0
002102100 0 0 0 0 0 0 0 1 0
002102121 0 0 0 0 1 0 0 0 0
002100120 0 0 0 0 1 0 0 0 0
002100102 0 1 0 0 0 0 0 0 0
002120010 1 0 0 0 0 0 0 0 0
002122011 0 0 0 0 0 0 1 0 0
002102010 0 0 0 0 1 0 0 0 0
002102211 0 0 0 0 1 0 0 0 0
002100210 0 0 0 0 0 0 0 0 1
002100012 0 0 0 0 1 0 0 0 0
002120001 1 0 0 0 0 0 0 0 0
002102001 0 0 0 0 0 0 0 1 0
002100201 0 1 0 0 0 0 0 0 0
002100021 0 1 0 0 0 0 0 0 0
000120000 0 1 0 0 0 0 0 0 0
000121200 0 1 0 0 0 0 0 0 0
000121212 0 0 1 0 0 0 0 0 0
000121221 1 0 0 0 0 0 0 0 0
000121020 0 0 0 0 0 0 1 0 0
000121122 0 1 0 0 0 0 0 0 0
000121002 0 0 1 0 0 0 0 0 0
000122100 1 0 0 0 0 0 0 0 0
000122112 0 1 0 0 0 0 0 0 0
000122121 1 0 0 0 0 0 0 0 0
000120120 0 1 0 0 0 0 0 0 0
000120102 0 1 0 0 0 0 0 0 0
000122010 0 1 0 0 0 0 0 0 0
000122211 0 1 0 0 0 0 0 0 0
000120210 0 0 0 0 0 1 0 0 0
000120012 0 0 1 0 0 0 0 0 0
000122001 0 1 0 0 0 0 0 0 0
000120201 0 0 1 0 0 0 0 0 0
000120021 0 0 0 0 0 1 0 0 0
000102000 0 1 0 0 0 0 0 0 0
000112200 1 0 0 0 0 0 0 0 0
000112212 1 0 0 0 0 0 0 0 0
000112221 1 0 0 0 0 0 0 0 0
000112020 1 0 0 0 0 0 0 0 0
000112122 1 0 0 0 0 0 0 0 0
000112002 0 0 0 0 0 0 0 1 0
000102120 1 0 0 0 0 0 0 0 0
000102102 1 0 0 0 0 0 0 0 0
000102210 0 0 0 0 1 0 0 0 0
000102012 0 0 1 0 0 0 0 0 0
000102201 0 0 0 0 1 0 0 0 0
000102021 0 0 0 0 0 0 1 0 0
000100200 0 0 1 0 0 0 0 0 0
000110220 1 0 0 0 0 0 0 0 0
000110202 1 0 0 0 0 0 0 0 0
000101220 0 0 0 0 0 0 0 0 1
000101202 0 0 0 0 1 0 0 0 0
000100212 0 1 0 0 0 0 0 0 0
000100221 0 0 0 0 1 0 0 0 0
000100020 0 0 0 0 0 0 0 0 1
000110022 0 1 0 0 0 0 0 0 0
000101022 0 0 0 0 0 0 1 0 0
000100122 0 0 0 0 0 1 0 0 0
000100002 1 0 0 0 0 0 0 0 0
200010000 0 0 0 0 0 1 0 0 0
220011000 0 0 0 0 0 0 1 0 0
220211100 0 0 1 0 0 0 0 0 0
220211112 0 0 1 0 0 0 0 0 0
220211121 0 0 1 0 0 0 0 0 0
220011120 0 0 0 0 0 0 0 0 1
220011102 0 0 1 0 0 0 0 0 0
220211010 0 0 1 0 0 0 0 0 0
220011210 0 0 0 1 0 0 0 0 0
220011012 0 0 0 0 0 0 1 0 0
220211001 0 0 0 0 0 0 1 0 0
220011201 0 0 0 0 0 0 0 1 0
220011021 0 0 0 0 0 0 1 0 0
202011000 0 0 0 0 0 0 0 0 1
202211100 0 0 0 0 0 0 0 0 1
202211112 0 1 0 0 0 0 0 0 0
202211121 0 1 0 0 0 0 0 0 0
202011120 0 1 0 0 0 0 0 0 0
202011102 0 0 0 1 0 0 0 0 0
202211010 0 1 0 0 0 0 0 0 0
202011210 0 0 0 0 0 0 0 0 1
202011012 0 0 0 1 0 0 0 0 0
202211001 0 0 0 0 0 0 1 0 0
202011201 0 0 0 0 0 0 0 1 0
202011021 0 0 0 0 0 0 1 0 0
200211000 0 0 0 0 0 0 0 1 0
200211120 0 0 0 0 0 0 0 0 1
200211102 0 1 0 0 0 0 0 0 0
200211012 0 0 1 0 0 0 0 0 0
200211021 0 0 0 0 0 0 1 0 0
200011200 0 0 0 0 0 0 0 0 1
200011212 0 0 0 1 0 0 0 0 0
200011221 0 0 1 0 0 0 0 0 0
200011020 0 0 1 0 0 0 0 0 0
200011122 0 1 0 0 0 0 0 0 0
200011002 0 0 1 0 0 0 0 0 0
220010100 0 0 0 1 0 0 0 0 0
220210110 0 0 1 0 0 0 0 0 0
220012110 0 0 0 1 0 0 0 0 0
220010112 0 0 0 1 0 0 0 0 0
220210101 0 0 0 0 0 1 0 0 0
220012101 0 0 0 0 0 0 0 1 0
220010121 0 0 1 0 0 0 0 0 0
202010100 0 0 0 0 0 0 0 1 0
202210110 0 1 0 0 0 0 0 0 0
202012110 0 0 0 1 0 0 0 0 0
202010112 0 1 0 0 0 0 0 0 0
202210101 0 1 0 0 0 0 0 0 0
202012101 0 1 0 0 0 0 0 0 0
202010121 0 1 0 0 0 0 0 0 0
200210100 0 0 0 0 0 0 0 1 0
200212110 0 1 0 0 0 0 0 0 0
200210112 0 0 1 0 0 0 0 0 0
200212101 0 0 0 0 0 0 0 1 0
200210121 0 1 0 0 0 0 0 0 0
200012100 0 0 0 0 0 0 0 0 1
200012112 0 0 0 1 0 0 0 0 0
200012121 0 1 0 0 0 0 0 0 0
200010120 0 0 1 0 0 0 0 0 0
200010102 0 1 0 0 0 0 0 0 0
220010010 0 0 0 0 0 0 1 0 0
220210011 0 0 0 0 0 1 0 0 0
220012011 0 0 0 1 0 0 0 0 0
220010211 0 0 0 0 0 1 0 0 0
202010010 0 0 0 0 0 1 0 0 0
202210011 0 0 0 0 0 0 1 0 0
202012011 0 1 0 0 0 0 0 0 0
202010211 0 0 0 0 0 1 0 0 0
200210010 0 1 0 0 0 0 0 0 0
200212011 0 0 1 0 0 0 0 0 0
200012010 0 0 0 0 0 0 1 0 0
200012211 0 0 1 0 0 0 0 0 0
200010210 0 0 0 0 0 0 0 0 1
200010012 0 0 0 1 0 0 0 0 0
220010001 0 0 0 0 0 0 0 1 0
202010001 0 0 0 0 0 0 1 0 0
200210001 0 0 0 0 0 0 0 1 0
200012001 0 0 0 1 0 0 0 0 0
200010201 0 0 1 0 0 0 0 0 0
200010021 0 0 0 0 0 1 0 0 0
020010000 0 0 1 0 0 0 0 0 0
022011000 0 0 0 1 0 0 0 0 0
022211100 0 0 0 0 0 0 0 1 0
022211112 1 0 0 0 0 0 0 0 0
022211121 1 0 0 0 0 0 0 0 0
022011120 1 0 0 0 0 0 0 0 0
022011102 1 0 0 0 0 0 0 0 0
022211010 0 0 0 0 0 0 1 0 0
022211211 1 0 0 0 0 0 0 0 0
022011210 0 0 0 1 0 0 0 0 0
022011012 0 0 0 1 0 0 0 0 0
022211001 0 0 0 0 0 0 1 0 0
022011201 0 0 0 0 0 0 0 1 0
022011021 0 0 0 1 0 0 0 0 0
020211000 0 0 0 0 0 0 1 0 0
020211120 0 0 0 0 0 0 0 0 1
020211102 0 0 1 0 0 0 0 0 0
020211210 1 0 0 0 0 0 0 0 0
020211012 0 0 1 0 0 0 0 0 0
020211201 0 0 1 0 0 0 0 0 0
020211021 0 0 0 0 0 0 1 0 0
020011200 0 0 0 0 0 0 0 0 1
020011212 1 0 0 0 0 0 0 0 0
020011221 0 0 0 1 0 0 0 0 0
020011020 0 0 0 0 0 0 1 0 0
020011122 0 0 0 1 0 0 0 0 0
020011002 0 0 0 1 0 0 0 0 0
022010100 0 0 0 0 0 0 0 0 1
022210110 0 0 0 0 0 1 0 0 0
022012110 1 0 0 0 0 0 0 0 0
022010112 0 0 0 1 0 0 0 0 0
022210101 1 0 0 0 0 0 0 0 0
022012101 0 0 0 1 0 0 0 0 0
022010121 1 0 0 0 0 0 0 0 0
020210100 0 0 0 0 0 1 0 0 0
020212110 0 0 1 0 0 0 0 0 0
020210112 0 0 1 0 0 0 0 0 0
020212101 0 0 1 0 0 0 0 0 0
020210121 0 0 1 0 0 0 0 0 0
020012100 1 0 0 0 0 0 0 0 0
020012112 0 0 0 1 0 0 0 0 0
020012121 0 0 0 1 0 0 0 0 0
020010120 0 0 0 1 0 0 0 0 0
020010102 0 0 0 1 0 0 0 0 0
022010010 0 0 0 0 0 1 0 0 0
022210011 1 0 0 0 0 0 0 0 0
022012011 1 0 0 0 0 0 0 0 0
022010211 1 0 0 0 0 0 0 0 0
020210010 0 0 0 0 0 0 1 0 0
020212011 1 0 0 0 0 0 0 0 0
020210211 0 0 1 0 0 0 0 0 0
020012010 0 0 0 1 0 0 0 0 0
020012211 0 0 0 1 0 0 0 0 0
020010210 0 0 0 0 0 1 0 0 0
020010012 0 0 1 0 0 0 0 0 0
022010001 0 0 0 1 0 0 0 0 0
020210001 1 0 0 0 0 0 0 0 0
020012001 0 0 0 0 0 0 1 0 0
020010201 0 0 0 0 0 0 0 1 0
020010021 0 0 0 0 0 0 1 0 0
002010000 0 0 0 0 0 0 0 0 1
002211000 0 0 0 0 0 0 1 0 0
002211120 0 1 0 0 0 0 0 0 0
002211102 1 0 0 0 0 0 0 0 0
002211210 0 1 0 0 0 0 0 0 0
002211012 0 1 0 0 0 0 0 0 0
002211201 0 0 0 0 0 0 0 1 0
002211021 0 0 0 0 0 0 1 0 0
002011200 0 0 0 1 0 0 0 0 0
002011212 0 1 0 0 0 0 0 0 0
002011221 0 1 0 0 0 0 0 0 0
002011020 0 0 0 0 0 0 0 0 1
002011122 1 0 0 0 0 0 0 0 0
002011002 1 0 0 0 0 0 0 0 0
002210100 1 0 0 0 0 0 0 0 0
002212110 0 1 0 0 0 0 0 0 0
002210112 0 0 0 0 0 1 0 0 0
002212101 0 0 0 0 0 0 0 1 0
002210121 1 0 0 0 0 0 0 0 0
002012100 0 1 0 0 0 0 0 0 0
002012121 0 0 0 1 0 0 0 0 0
002010120 0 0 0 0 0 1 0 0 0
002010102 1 0 0 0 0 0 0 0 0
002210010 0 0 0 0 0 1 0 0 0
002212011 0 0 0 0 0 0 1 0 0
002210211 0 0 0 0 0 1 0 0 0
002012010 0 0 0 1 0 0 0 0 0
002012211 0 1 0 0 0 0 0 0 0
002010210 0 0 0 1 0 0 0 0 0
002010012 0 1 0 0 0 0 0 0 0
002210001 0 0 0 0 0 0 1 0 0
002012001 0 1 0 0 0 0 0 0 0
002010201 0 0 0 0 0 1 0 0 0
002010021 1 0 0 0 0 0 0 0 0
000210000 0 1 0 0 0 0 0 0 0
000211200 1 0 0 0 0 0 0 0 0
000211212 1 0 0 0 0 0 0 0 0
000211221 0 1 0 0 0 0 0 0 0
000211020 1 0 0 0 0 0 0 0 0
000211122 1 0 0 0 0 0 0 0 0
000211002 1 0 0 0 0 0 0 0 0
000212100 0 0 1 0 0 0 0 0 0
000212112 0 0 1 0 0 0 0 0 0
000212121 0 1 0 0 0 0 0 0 0
000210120 0 0 0 0 0 1 0 0 0
000210102 0 0 0 0 0 0 0 1 0
000212010 0 0 0 0 0 0 1 0 0
000212211 0 0 1 0 0 0 0 0 0
000210210 0 0 0 0 0 0 0 0 1
000210012 0 0 1 0 0 0 0 0 0
000212001 0 0 0 0 0 0 1 0 0
000210201 0 1 0 0 0 0 0 0 0
000210021 0 0 0 0 0 0 1 0 0
000012000 0 1 0 0 0 0 0 0 0
000012120 0 0 1 0 0 0 0 0 0
000012102 0 0 0 1 0 0 0 0 0
000012210 0 0 0 0 0 0 0 0 1
000012012 0 0 0 0 0 0 1 0 0
000012201 0 0 0 0 0 0 0 1 0
000012021 0 0 0 1 0 0 0 0 0
000010200 0 0 0 0 0 0 0 0 1
000011220 0 0 0 0 0 0 0 0 1
000011202 0 0 1 0 0 0 0 0 0
000010212 1 0 0 0 0 0 0 0 0
000010221 0 0 0 0 0 1 0 0 0
000010020 0 0 0 0 0 0 1 0 0
000011022 1 0 0 0 0 0 0 0 0
000010122 0 0 0 0 0 1 0 0 0
000010002 0 1 0 0 0 0 0 0 0
200001000 0 0 0 0 0 0 1 0 0
220001100 0 0 0 0 0 0 0 1 0
220201110 0 0 1 0 0 0 0 0 0
220021110 0 0 0 0 0 0 0 0 1
220001112 0 0 1 0 0 0 0 0 0
220201101 0 0 0 0 0 0 0 1 0
220021101 0 0 0 1 0 0 0 0 0
220001121 0 0 0 0 1 0 0 0 0
202001100 0 0 0 0 1 0 0 0 0
202201110 0 0 0 0 1 0 0 0 0
202021110 0 1 0 0 0 0 0 0 0
202001112 0 0 0 1 0 0 0 0 0
202201101 0 1 0 0 0 0 0 0 0
202021101 0 0 0 0 0 0 0 1 0
202001121 0 0 0 0 1 0 0 0 0
200201100 0 0 0 0 0 0 0 1 0
200221110 0 0 0 0 0 0 0 0 1
200201112 0 1 0 0 0 0 0 0 0
200221101 0 0 1 0 0 0 0 0 0
200201121 0 1 0 0 0 0 0 0 0
200021100 0 0 1 0 0 0 0 0 0
200021121 0 1 0 0 0 0 0 0 0
200001120 0 0 1 0 0 0 0 0 0
200001102 0 1 0 0 0 0 0 0 0
220001010 0 0 0 1 0 0 0 0 0
220201011 0 0 1 0 0 0 0 0 0
220021011 0 0 0 0 0 0 1 0 0
220001211 0 0 0 1 0 0 0 0 0
202001010 0 0 0 0 0 0 0 0 1
202201011 0 0 0 0 1 0 0 0 0
202021011 0 1 0 0 0 0 0 0 0
202001211 0 0 0 0 1 0 0 0 0
200201010 0 1 0 0 0 0 0 0 0
200221011 0 0 0 0 0 0 1 0 0
200021010 0 0 0 0 0 0 1 0 0
200021211 0 0 1 0 0 0 0 0 0
200001210 0 0 1 0 0 0 0 0 0
200001012 0 0 0 1 0 0 0 0 0
220001001 0 0 1 0 0 0 0 0 0
202001001 0 0 0 0 1 0 0 0 0
200201001 0 0 0 0 0 0 1 0 0
200021001 0 0 0 0 0 0 1 0 0
200001201 0 0 1 0 0 0 0 0 0
200001021 0 0 0 0 0 0 1 0 0
020001000 0 0 0 0 0 0 1 0 0
022001100 0 0 0 0 0 0 0 0 1
022201110 0 0 0 0 1 0 0 0 0
022021110 0 0 0 1 0 0 0 0 0
022001112 0 0 0 1 0 0 0 0 0
022201101 1 0 0 0 0 0 0 0 0
022021101 0 0 0 1 0 0 0 0 0
022001121 1 0 0 0 0 0 0 0 0
020201100 0 0 0 0 0 0 0 1 0
020221110 1 0 0 0 0 0 0 0 0
020201112 1 0 0 0 0 0 0 0 0
020221101 1 0 0 0 0 0 0 0 0
020201121 1 0 0 0 0 0 0 0 0
020021100 0 0 0 0 0 0 0 0 1
020021112 0 0 0 1 0 0 0 0 0
020001120 1 0 0 0 0 0 0 0 0
020001102 0 0 1 0 0 0 0 0 0
022001010 0 0 0 1 0 0 0 0 0
022201011 0 0 0 0 1 0 0 0 0
022021011 0 0 0 1 0 0 0 0 0
022001211 0 0 0 1 0 0 0 0 0
020201010 0 0 0 0 0 0 1 0 0
020221011 0 0 0 0 0 0 1 0 0
020201211 0 0 1 0 0 0 0 0 0
020021010 1 0 0 0 0 0 0 0 0
020021211 0 0 1 0 0 0 0 0 0
020001210 0 0 1 0 0 0 0 0 0
020001012 0 0 1 0 0 0 0 0 0
022001001 0 0 0 0 1 0 0 0 0
020201001 1 0 0 0 0 0 0 0 0
020021001 1 0 0 0 0 0 0 0 0
020001201 1 0 0 0 0 0 0 0 0
020001021 0 0 1 0 0 0 0 0 0
002001000 0 0 0 1 0 0 0 0 0
002201100 0 0 0 0 0 0 0 1 0
002221110 0 0 0 0 0 0 0 0 1
002201112 0 1 0 0 0 0 0 0 0
002221101 0 0 0 0 0 0 0 1 0
002201121 1 0 0 0 0 0 0 0 0
002021100 0 1 0 0 0 0 0 0 0
002021112 1 0 0 0 0 0 0 0 0
002021121 0 1 0 0 0 0 0 0 0
002001120 1 0 0 0 0 0 0 0 0
002001102 0 0 0 0 1 0 0 0 0
002201010 1 0 0 0 0 0 0 0 0
002221011 1 0 0 0 0 0 0 0 0
002201211 0 0 0 0 1 0 0 0 0
002021010 0 0 0 0 0 0 1 0 0
002001210 0 0 0 0 0 0 0 0 1
002001012 0 0 0 0 0 0 1 0 0
002201001 0 0 0 0 0 0 0 1 0
002021001 0 0 0 0 0 0 0 1 0
002001201 0 1 0 0 0 0 0 0 0
002001021 0 1 0 0 0 0 0 0 0
000201000 0 0 0 0 1 0 0 0 0
000221100 1 0 0 0 0 0 0 0 0
000221112 0 1 0 0 0 0 0 0 0
000221121 0 0 1 0 0 0 0 0 0
000201120 0 0 1 0 0 0 0 0 0
000201102 1 0 0 0 0 0 0 0 0
000221010 1 0 0 0 0 0 0 0 0
000221211 0 0 1 0 0 0 0 0 0
000201210 0 0 0 0 0 0 0 0 1
000201012 0 0 1 0 0 0 0 0 0
000221001 0 0 0 0 0 0 1 0 0
000201201 1 0 0 0 0 0 0 0 0
000201021 0 0 0 0 1 0 0 0 0
000021000 0 0 1 0 0 0 0 0 0
000021120 1 0 0 0 0 0 0 0 0
000021102 0 1 0 0 0 0 0 0 0
000021210 0 0 0 0 0 0 0 0 1
000021012 0 1 0 0 0 0 0 0 0
000021201 0 0 1 0 0 0 0 0 0
000021021 0 0 1 0 0 0 0 0 0
000001200 0 0 0 0 1 0 0 0 0
000001212 1 0 0 0 0 0 0 0 0
000001221 0 0 0 1 0 0 0 0 0
000001020 1 0 0 0 0 0 0 0 0
000001122 0 0 0 1 0 0 0 0 0
000001002 0 0 1 0 0 0 0 0 0
200000100 0 0 0 0 0 0 0 1 0
220000110 0 0 0 0 0 1 0 0 0
202000110 0 0 0 0 0 1 0 0 0
200200110 0 0 1 0 0 0 0 0 0
200020110 0 0 0 0 0 0 0 0 1
200002110 0 0 0 0 1 0 0 0 0
200000112 0 0 0 1 0 0 0 0 0
220000101 0 0 1 0 0 0 0 0 0
202000101 0 0 0 0 0 0 0 1 0
200200101 0 0 1 0 0 0 0 0 0
200020101 0 0 1 0 0 0 0 0 0
200002101 0 0 0 0 1 0 0 0 0
200000121 0 0 0 1 0 0 0 0 0
020000100 0 0 0 0 0 0 0 1 0
022000110 0 0 0 1 0 0 0 0 0
020200110 0 0 0 0 1 0 0 0 0
020020110 0 0 0 1 0 0 0 0 0
020002110 0 0 0 0 1 0 0 0 0
020000112 0 0 1 0 0 0 0 0 0
022000101 0 0 0 0 0 0 0 1 0
020200101 0 0 0 0 0 0 0 1 0
020020101 0 0 1 0 0 0 0 0 0
020002101 0 0 1 0 0 0 0 0 0
020000121 0 0 0 1 0 0 0 0 0
002000100 0 0 0 0 0 0 0 1 0
002200110 0 1 0 0 0 0 0 0 0
002020110 0 0 0 1 0 0 0 0 0
002002110 0 0 0 0 0 0 0 0 1
002000112 0 0 0 0 0 1 0 0 0
002200101 1 0 0 0 0 0 0 0 0
002020101 0 0 0 1 0 0 0 0 0
002002101 0 0 0 0 0 0 0 1 0
002000121 0 0 0 0 1 0 0 0 0
000200100 1 0 0 0 0 0 0 0 0
000220110 0 0 1 0 0 0 0 0 0
000202110 1 0 0 0 0 0 0 0 0
000200112 0 0 1 0 0 0 0 0 0
000220101 0 0 1 0 0 0 0 0 0
000202101 0 1 0 0 0 0 0 0 0
000200121 0 0 0 0 1 0 0 0 0
000020100 1 0 0 0 0 0 0 0 0
000022110 0 0 0 1 0 0 0 0 0
000020112 0 0 0 1 0 0 0 0 0
000022101 0 0 1 0 0 0 0 0 0
000020121 0 1 0 0 0 0 0 0 0
000002100 0 0 0 0 0 0 0 1 0
000002112 0 0 0 0 1 0 0 0 0
000002121 0 0 0 0 1 0 0 0 0
000000120 0 0 0 0 0 0 0 0 1
000000102 0 0 0 0 0 0 0 1 0
200000010 0 1 0 0 0 0 0 0 0
220000011 0 0 0 0 1 0 0 0 0
202000011 0 0 0 0 0 1 0 0 0
200200011 0 0 0 0 0 1 0 0 0
200020011 0 0 0 1 0 0 0 0 0
200002011 0 1 0 0 0 0 0 0 0
200000211 0 0 0 0 1 0 0 0 0
020000010 1 0 0 0 0 0 0 0 0
022000011 0 0 0 0 0 0 1 0 0
020200011 0 0 1 0 0 0 0 0 0
020020011 0 0 0 0 0 0 1 0 0
020002011 0 0 1 0 0 0 0 0 0
020000211 0 0 0 0 1 0 0 0 0
002000010 1 0 0 0 0 0 0 0 0
002200011 0 0 0 0 0 0 1 0 0
002020011 0 0 0 0 0 1 0 0 0
002002011 0 0 0 0 1 0 0 0 0
002000211 0 1 0 0 0 0 0 0 0
000200010 0 0 0 0 0 0 1 0 0
000220011 0 1 0 0 0 0 0 0 0
000202011 0 0 0 0 1 0 0 0 0
000200211 1 0 0 0 0 0 0 0 0
000020010 0 0 0 0 0 0 0 0 1
000022011 0 0 0 1 0 0 0 0 0
000020211 0 1 0 0 0 0 0 0 0
000002010 1 0 0 0 0 0 0 0 0
000002211 0 0 0 0 1 0 0 0 0
000000210 1 0 0 0 0 0 0 0 0
000000012 0 0 0 0 1 0 0 0 0
200000001 0 0 0 0 0 0 0 1 0
020000001 0 0 0 0 0 0 1 0 0
002000001 0 0 0 0 0 1 0 0 0
000200001 1 0 0 0 0 0 0 0 0
000020001 0 0 1 0 0 0 0 0 0
000002001 0 0 0 0 1 0 0 0 0
000000201 0 0 0 0 0 1 0 0 0
000000021 0 1 0 0 0 0 0 0 0
